8.829542299707743,8.358421327670426,9.307548227508876,8.54785967787108,10.151204399665211,8.384116872151703,10.645965572198243,8.656557246744644,10.018033318817631,6.192401291032633,7.83009636511406,9.304579413930584,6.905681395928068,9.587307355403913,7.986380389134097,8.318779670894155,8.292322851022096,8.891271888812394,8.16033062607051,8.445697106321663,8.770397840936988,8.784838447769495,8.535537051161143,8.21367632895709,9.759573101103319,7.371506998240953,9.51528860052428,8.597312696178765,8.359935700694729,9.301216091116283,8.01238564332327,9.759683526953076,8.40457168241343,8.101340081294387,9.271514160831783,7.7506917831301765,9.443418063720081,8.606102364261956,8.253275665243477,9.654669101436946,7.238199114998187,9.620653721888875,8.531371115644783,7.873394853075353,9.562414261301372,7.96368567128977,9.150528314908358,8.647647499144089,7.940875942905752,9.45049936672053,7.934130004247039,9.838275622328137,8.477257059415193,9.041033101876588,8.707465897997231,8.632755856116622,9.594561207493161,8.617199621995303,8.46242021282515,8.748758992155404,8.98761980255446,9.219064429005,8.36684828956923,9.198753807743403,8.48186969002089,9.028635050853104,9.06169082363448,8.361886267860742,9.549518313606592,8.537789089878412,9.018384630878778,8.772931013305994,9.485631003578517,8.366029697855325,8.973966005047172,8.623908609350533,8.96152977248034,8.56390965898833,8.837439567645403,8.216743228038162,9.148140934308381,8.849947208960863,8.464129746754976,8.931041413148256,8.988630264004085,8.37053435941538,8.833864786227558,9.07251431008181,8.130101698239654,9.792529264291142,8.522326157887788,8.17876529475054,9.73647648006679,8.576148192485185,8.17546013613543,10.152029657562588,7.154135433038083,10.279355577429149,8.139743957122178,8.303723759849875,9.395992192228649,8.519094084103912,8.967727465232226,8.617235604723307,9.219060527881,9.187414084871621,9.080454892118782,7.990529790222655,9.709078330596302,8.468456245263429,9.14681438227496,8.880501188238474,9.198366247117532,7.7562630685170575,10.124903480013225,8.703605042894694,8.823497097094865,9.507006943424555,8.294309291442246,10.555022961099953,7.839043142398208,10.026049486001346,8.80319579501948,8.231873405774445,10.324134322007513,8.051469906767217,7.959030061562865,10.868389761646602,8.064677453835813,9.806503550012923,8.843507203062385,8.390555303295464,9.023652150928985,8.628002154131742,9.215913653572413,8.51032161563636,9.10706720908484,9.597420363624904,7.346788772642618,9.372277589142335,9.458768771489474,7.832276515861359,9.549050279458378,8.970454762776706,8.54112938841185,9.003344778021189,8.30404791196188,10.426898081501339,7.739331918060788,9.117233349879596,8.793864138325068,8.757961658438056,9.419053920706128,8.682291076382011,9.78941660781703,8.013728350003568,9.286434913476322,8.88664445658526,9.162608524163577,9.375988526542994,8.887033640344951,8.498085702856391,9.287560684283589,8.821628594001146,8.191659385859975,9.863330114086484,8.259973138173429,9.850283829172467,8.274068495333205,9.314465742905945,8.641371159255517,8.402762424051772,9.243122276961815,8.294155156413725,10.161559899648045,7.701341012418278,9.718763804038378,8.395671075185152,8.207181577881187,9.177665964563701,9.12634680946669,8.491523382266374,9.153147217233988,8.496954904397338,8.900787409146641,9.089217935403198,8.38011765797934,9.345977786978098,8.58726766963801,8.268996672232955,10.00714404602847,7.909271052082388,9.433175580104205,8.572126281460136,9.185595731337878,8.430737848480552,9.050323384602875,9.052675960262631,8.986985092957827,8.81193271179995,8.274948360522597,9.208318507274004,8.911285254557939,8.863545190890642,8.495137453973303,8.583522634704918,9.167395943701278,8.340430754224471,8.471462224920602,9.156759950220595,8.747913612922046,8.476074605782836,9.306292481025073,8.147714366118121,8.768904958665383,8.660150351127001,8.865191211402427,8.667395681937546,8.497628525197518,9.188829789459719,8.476952921648829,7.926404629349716,9.5498447140058,8.107802794277676,8.326478199660789,9.382700799405587,7.366007431745536,10.117405902345991,7.49060556342205,9.064791169563941,8.411893260876349,8.376591847936321,9.075876217087123,8.138792998592068,9.286956451237215,8.78047605733078,7.45975332677365,10.440758312046542,7.184540115098164,8.634578595757494,9.62836745232345,7.785254985491443,9.156238041718813,8.290109298030545,8.232585930625607,9.563014003833148,7.0789133749405595,10.27119412382445,8.247263644536346,8.189245755175758,9.070154640972627,8.024282714426526,9.491609902580594,7.808559628625718,9.203376507461083,8.080275736153135,8.644892461498587,8.86228921979667,8.200805690189211,9.127888986269646,8.831167264481396,7.479107771515853,9.277122850318761,9.060693454941125,7.644977189302451,9.301426528394234,8.309172701835642,9.040084034403177,8.67954808562995,7.997228653728971,9.08467991669974,8.780100740393014,7.866680665512888,8.792997357547293,9.06390747815372,8.537539625465879,9.2097801372409,8.214308568537245,8.263852697312842,9.125396242439761,8.524280463159094,8.512359889348357,8.778345864017815,8.836897863348335,7.8776988740762155,8.896604155699423,9.168878565629337,8.279517566164344,9.30395479589702,8.216214408477159,8.85077572087448,9.159724406798691,8.128847300012918,9.319387649496408,7.378871190349267,9.293702571789435,8.894761007726204,9.235409330924366,8.386395145257323,8.57651057024798,9.014909910261643,8.7922602291902,8.80670014470817,8.622633448441833,9.063750361998888,8.508473466833442,9.033388648827884,8.292967497309059,9.500501305659625,8.466258459885925,9.631669091780994,8.955540114839884,8.56493191629649,9.234370619853351,8.061848018467435,9.343244579037044,8.857280436952921,8.896996897061678,8.426755067308754,9.374795553882931,9.180941629111778,7.9964566537737936,9.444172845085475,9.195486337741228,8.276328568657247,9.953262012203549,8.616427887280793,8.594623730381342,9.29510079999766,8.053438453873008,10.06170716484389,8.108486913641304,9.978279495437954,8.67662678440413,8.810723570187898,10.206975693305349,8.611361153920502,8.825421802600237,9.090477606256815,9.183113880952211,9.198630104263637,9.25013376315436,9.013654560645435,9.446359494527194,8.782779416044566,9.933355802496289,9.001300400098177,9.293245498140665,9.542170996268602,9.726135359605168,8.262576385339111,10.349066855510088,9.292042008837079,9.658684547742222,9.248285550077767,9.621782891352986,10.232877933581685,8.517371696432441,10.632742026646943,8.946152082284305,10.269063851435995,9.126047477920862,10.267385499080037,10.423819245894762,8.96108192821345,9.595146128733967,10.06481797774634,9.669223861893034,8.850450128515572,10.374447379906988,9.480309916337346,9.117452461918209,10.31598498721919,9.33629171987376,10.217899901469565,8.577991643150659,10.463095151384685,10.052783786853169,8.889807653029772,11.659700781901684,8.476580159862849,10.25319078346095,10.358632281025264,9.376555526455256,9.935955227812146,9.66714525063834,9.402764151891086,10.295971958239889,9.60655653794608,10.553075635035846,9.171042520602557,9.824345672925329,10.345574999054287,9.663124306996677,10.417801127036425,9.882388942440365,10.07159299155078,9.565966258247705,10.134568428595877,9.36512816747031,9.902189991672847,9.633418807586049,10.110075071056698,9.890018111666057,10.03032058556876,8.879846726854655,11.216137926181165,8.665372954209657,10.774302259286255,8.85034710009894,9.623554238875721,10.182515690525388,10.118074360688542,9.913772246440267,10.20938419004283,9.2054411806663,10.964436301787703,9.001591726740212,9.676500998338078,10.439120076497408,9.129189563592286,9.583324096401547,10.120230320294713,9.74233217199645,10.337086360653256,9.69956392069659,10.069810123046254,9.946573789914464,9.376904396017403,10.91131879111132,9.218008182247491,9.642385662992806,10.136438557108258,9.491580679615353,10.09954769035182,9.945966553290699,10.359210517605161,9.391698329051348,9.404023139079424,10.011703922351217,9.88146534164748,8.480025009711595,10.585111659367891,9.125842216213558,9.93219283541045,10.578810097773882,8.79122652133307,9.855296949346876,10.131069670518254,10.031748900612211,10.111081761916493,9.452377236684177,10.506690226991985,9.628931243618343,9.161115755637498,10.741224535306305,9.118765799601883,9.09665698905787,10.707426204284042,8.382740274866434,11.327159396608677,8.919348290761322,9.89615220566592,9.808260549505565,9.131112393935533,11.103263734777778,9.51946267505488,9.042542428572983,11.20711227794489,9.35184161504111,10.895588276584954,8.448979988892884,10.401736675699565,9.506260557373379,9.481020262440058,10.312285337050769,9.459157879551265,8.71835022409758,11.553254296978324,8.167813211282104,9.675793484052038,10.297539081176135,9.653783601125097,10.76499895532927,9.063343990643832,9.8802202798923,11.20836135526499,8.476738966902106,11.061607379515975,9.570274641712523,8.772472021778436,10.282905003627157,9.017635240157455,10.569374553759905,9.057742405136437,9.271099003752086,10.259466688831662,8.920634685357422,9.874964301784848,9.662896145780897,9.39939223666987,10.327045513590193,8.63772987087569,11.716034205754601,8.254765007694571,8.929935864508163,10.500784925421092,8.352335647642622,9.863457824786519,9.562068898379815,8.420589853227149,10.774762053092331,8.057185542881497,9.313904908498142,10.159282968242977,7.967163448532429,10.670255945523593,9.009161603053421,8.362527222335347,10.941314072807641,8.163161506255477,9.115303005178783,10.1488351049026,8.191863019069045,10.422474669416758,8.337680210669847,8.906564006408068,9.699465906222674,8.982822426756234,9.596829423507069,8.831785698731752,9.130028090675683,10.190932407577847,9.123170933326097,8.42463357170424,10.682712361415238,8.705416997869822,9.36834327777228,9.438119725187633,9.443432708581303,9.311785107453677,9.040358128746364,9.32183759291968,10.148721479376173,8.434551264246316,9.595558104117725,9.19804172654948,10.140567449529982,8.550653643806788,10.012869027455663,10.12207484443984,9.11701902170977,9.98784677167735,9.868041665156698,8.968044632871958,9.633683732946729,10.303208159406996,8.724682111938804,9.296179501612993,10.39641066749892,9.437534448107098,8.769075727065415,10.175355754693364,9.039006240566584,9.90869789262614,9.648110410173748,9.794552037318562,9.647535330851888,9.105999224384638,10.227149729927397,9.139981699188562,10.027909811933851,9.351086986263605,9.958759420116756,9.679482537706706,10.082327279647206,9.619921093185757,10.06129267295203,9.4166407420238,10.13393984039626,9.043487656911228,10.202836184700345,9.615204786856982,10.075315000017499,9.947204915483807,9.28420294662318,10.25785595198474,9.05862029751143,10.556003653605792,9.405581460793828,10.065918569167469,10.309539521535253,10.057277788122512,10.00764908989272,9.730391563971853,9.675421095093105,10.289063255389548,9.748526684244485,9.256177479922783,9.8267814966043,10.273419987161967,9.499052716692303,10.617306016286227,8.774657287200304,10.64499426325163,9.016637848814343,10.54080153365931,9.612961934407565,9.570065162976595,10.481004513700817,9.290683564742418,9.28812693436942,10.73572654803595,9.196031013329838,10.505747608145091,9.638297752340646,9.451650108893727,9.500308870871873,10.064498418768263,10.071169192393635,9.732238850196218,8.62814917643866,10.435080889662123,9.368620102008197,9.743912319739673,9.776533049543712,9.887802366813037,9.276765201886509,9.830738948782301,8.941579821308464,11.05407778282961,8.536430643399568,10.98287435789904,9.461344699462268,9.157936502893778,10.226038346489284,9.172457440694187,10.014305395682667,9.290260957082126,9.935244915088031,9.797116925915097,8.646749903758376,11.303592404921856,8.406337272723528,9.92795668383441,9.48270363291106,9.794765063126897,9.55239025016627,10.260520249207827,9.810781192978238,9.911944503386831,10.000146818955754,9.689649516542767,10.487837464412063,8.964259370764108,10.65538815458617,8.780260983904215,10.133694675167416,10.163741419514034,9.230937537749622,10.613293962081286,9.031267165144298,11.294319167931882,9.234182492693279,9.842607408960673,9.944900574882839,10.869008627732605,9.667393627365445,9.219734339912744,11.288501113851872,8.587923165162415,10.394257957537981,9.845263973077152,9.68434123953185,9.880419082840296,9.374030072291706,10.048343277772283,10.03425707896552,9.058167062004419,11.619297638734185,9.222858010729166,9.835731086929654,10.480767531593653,10.40546174784503,9.89915048738322,9.609425076444957,10.197076457937575,9.517693203886363,9.423598160942408,10.372815730770444,9.769805101950976,9.396262194712971,11.086405203541128,9.761797250707959,8.825591954191538,10.487436166008326,9.849367634852742,10.261479805310582,10.406824403007839,9.295847099622105,11.043722596367209,9.174776981671661,10.729501518805835,9.878181829055166,9.56944225152335,9.875351726015422,10.390700249870632,8.771728449066492,11.400093478759134,9.299229076107355,9.964796471198415,10.265743889411304,9.684341765244817,10.687122401197763,9.176526010831209,11.358687438567486,10.257052176197385,9.168559938867899,10.770822514494268,9.769065978725765,9.537173963387822,9.251329350074142,9.945208218296385,9.428663944204661,9.945792511304235,10.367994015415524,9.384811985095356,10.796203275521608,9.136822822292658,11.23332530577978,9.909142764409399,9.63736700077853,9.953814457257604,9.94826749225459,9.524743390878053,10.074896147449827,9.28772720416388,10.078034903605793,9.327415957053516,10.165695176919316,9.770345847209308,9.043463999827715,10.730832259257648,9.91295192976794,8.703225388129566,11.251633559664096,9.443866781195018,10.291300184329364,9.328209246595714,10.531840413411471,9.641567396124216,8.387404656012864,10.845561330517144,9.425094445546481,10.177814603050567,10.07292053719363,9.900714993675564,9.436981210311268,10.588928159077975,8.945076111157748,10.990066769917814,8.35199772675833,11.239133041699734,9.399705365498875,9.877858058412883,9.625908241470668,9.856067749460554,9.91069789787135,9.437688111861561,9.337193495829913,10.730019079645485,9.424189161260937,9.429877762993192,10.579937995274875,9.405147372086855,10.504866922696444,9.509505741794918,9.831046471198414,9.987681016524647,9.81697221656642,10.16464373370013,9.43096013625464,9.797275244792317,10.447220882972095,9.202271484931323,10.267215529282902,10.495889716347072,9.125530070861192,10.002166838844632,11.138781614502276,8.997028623421999,10.271891834934568,9.964496895869587,10.021193955739353,10.060194029410695,8.905121244390818,11.849081781705225,8.778244704802843,10.078453155358645,10.539949279626223,9.09528006811938,9.444447594483707,10.99927774508795,9.488728770812365,10.191517511804914,10.147034142216063,10.126460769971228,9.801038975914333,10.35267976125083,8.657234931786865,10.208046094973897,8.237830954392761,10.266489988168097,8.077150896986334,9.407100842793795,8.966233645876263,9.950079135497425,8.92242829044661,9.622673632701254,9.932556737860057,10.076260447700834,10.326448149879788,9.949521470268584,10.86847303946814,9.304903648694369,9.645446165402744,10.114840085705136,9.034649486144396,9.784759137233113,9.405322678287837,9.82522157688937,8.98969581862292,9.774966344436022,10.482885325749727,9.189616478284211,10.039436993201589,10.243905829389906,10.239189585049962,10.38214298744998,10.484455978473044,10.250888414581631,9.198867583473534,10.206487034757947,9.3228863712152,10.005277946790072,9.22360080500445,9.850151754220342,9.670694450338694,9.24058672030768,10.272004051407194,9.573737833698603,9.432762735684724,10.647383769353244,9.914341694315288,10.283005483945226,10.07190720816455,9.863832017978048,9.699964512189242,9.73589215954146,10.121970653136586,9.816954000790927,9.619333560069416,10.16952149113021,9.271728591521594,9.86499034663043,9.721982747515057,9.369311469992017,10.706873437960953,8.952340002854676,10.74782661755881,10.483350265224788,9.572124268015239,10.753552106817574,9.809753789504384,9.617191930611943,10.198078900774332,9.73986206610999,9.90442707618079,10.243846522172307,9.226868851979587,11.539082865913715,8.479804640611025,10.676072143514961,10.103540877302503,9.002169587810846,11.093174691398946,8.369711235364289,10.55682857890925,10.287127660115575,9.11801496525607,10.83911720951399,8.926062590082498,10.868608500560136,9.403255791266773,11.138717543681471,10.064415091474867,9.849502149422978,10.308652832706784,9.723115807374331,10.273734349211072,10.343304436405512,8.81324227233729,10.665306857426975,9.221134233673427,9.551496299107882,10.702616441448543,9.478773422439907,10.425353008111331,9.250582232673976,10.982917018731444,9.645115464528415,9.905193885763502,10.690733818014476,10.538913889129969,9.69315039535365,10.493383754690502,10.225991369088508,9.291845156153054,10.475436365803096,8.849406974514336,10.657700701554626,8.785182561477036,10.696611007054655,9.796215154727316,10.004882166584345,9.698911947210643,10.058533259232854,10.728807563980432,9.488500716288899,11.81157893856367,8.899168895681711,10.792618167003004,9.929831347068165,9.67108688672385,9.233631323178622,10.272750983436918,9.298804370363566,9.712988909085606,9.783643460472438,10.219760931928967,10.468973401387546,9.096598704655978,11.451643247207015,9.515062108238553,9.52950470944247,10.920773516496034,9.163176788886402,10.352555891474104,9.231102406581256,11.015970236261694,8.667573869427057,9.003004217346522,11.032459448774667,9.633774680693959,8.583109994729371,11.361737575729695,8.200329417188971,10.94070535024008,9.003686476548525,10.215599793394423,10.422411279280993,9.549190978606557,10.280153368910169,9.418082263072346,9.37004557867846,10.692655026515338,8.87143555601439,10.233554627498005,9.528717169364306,10.278903169830652,10.905904839833589,8.789783686598152,10.718129013379425,9.96406713386378,9.949625200231885,9.71760774513087,10.131513452728605,9.885613080461834,9.531660721500728,9.563145159085604,10.152175646622991,9.624021868904446,10.715091139872882,9.842872919638966,9.33831286688647,10.815741387208313,10.193157424529408,9.92056369086108,9.9977670778831,9.189850340684266,10.44082617481551,9.251378383835169,9.716702221234652,10.35277380963168,9.473733432491633,9.556120319565151,11.216428050597518,9.135455896457048,9.521933204730365,10.681105622251842,9.712267518242214,10.118651673992488,9.594505999883031,11.190589962204303,9.625822656353328,10.04223558624587,10.58912905832133,9.665963345964762,9.696754070719097,10.057216158707952,9.371852951844545,10.566809203227374,9.468567605217311,10.836044264038414,9.291849293907495,9.372447871764514,10.54734877129397,9.371109172304482,10.561668852766365,10.365030245383595,9.248160040577265,10.659479397734017,9.529512892564153,9.751217542489384,9.712662753065441,9.602061775525424,10.354069532950732,8.959557001193378,10.647252512176845,9.515177297194812,9.671446601351116,10.094668443997715,10.02674350460372,10.830876416762681,9.151645108064026,10.314230736692762,10.273442511161184,9.137979496320101,9.99541517575583,9.900454280575133,9.093531535466523,9.754445818265292,9.101807276209207,10.408238331278177,8.61244772394499,10.391665215690944,9.49394831915698,9.558785764177653,10.300053277810429,9.631873933871603,10.457371697624534,9.618573416670179,9.907182117303227,10.742817815740914,8.404313921531053,10.461849590738627,10.024410047729825,8.661322032411904,10.591395520170543,9.089106033047052,9.901364740331983,10.321171175440167,9.665986083348606,9.340952323873852,9.387660389741274,9.607244723041868,9.40553599139056,10.056277057727192,9.211819881995531,10.313680869539594,9.712611188491199,9.095411071379992,9.991494245131824,9.681626653273916,9.829284134109828,9.754211651881551,9.34778646429381,10.810596052010865,9.198870578010888,10.198655997117376,9.53642041822276,9.770424390633913,9.607210937341069,9.874093239506099,9.161589449246737,9.964418507417058,9.726080571611735,9.838533877929066,9.670388302405689,10.134264414509154,10.182969418366763,9.528225735624645,10.97432476242384,9.766746587951992,9.343796915014599,10.949726351102202,9.626830093463276,9.755410852630947,9.119475308855387,10.541894277532906,9.400456924637172,9.007689060171458,10.578005922635407,9.494072861274095,9.013691975673055,11.341742321451509,9.437780793507908,9.85387568732104,10.04759108026824,10.730380479296059,10.02564954837165,9.682574945290897,9.89412837406001,10.8631271048387,8.414532141288133,10.653748447497696,9.587570288380002,9.042189966042848,9.682131099899625,10.330989846785876,9.404315569599483,10.37841853340468,9.15127178033194,10.506571477850292,10.088901031812044,9.7653370900949,10.511516325672481,9.194265577991816,11.00714385708174,8.818457495768875,10.324073204596852,9.068021649916977,9.144625876148554,10.344956495364523,8.87715699930987,10.623732862671227,8.446607671578736,9.965995490153645,9.10524184962115,9.817824985583638,9.746277430852267,9.58537695427737,9.284859103163097,9.731857776244496,8.276209113796561,10.070059560139988,8.29739451845488,9.828670115073537,8.515895623167365,9.037268182834003,8.755765236218782,8.281655652721732,9.155043737490985,9.307881330450389,8.194484491546959,9.174123270710323,8.42169221550227,9.384454725583408,8.336480912168831,9.027621248563143,9.12077844222388,7.770008605917303,9.286278317769382,9.172649024923656,7.797667907079069,9.914456734855985,8.445398850043624,9.4655188026031,8.270463274916024,9.897996441324565,8.584604823191968,9.154272808035227,9.8116113360723,8.317581051786751,9.462754156788204,9.391041554411265,9.17367071171603,8.55179071744284,8.792039176424357,9.902771778305386,8.653564089139314,9.944936890800808,9.557044034798954,9.156353917320581,10.007015285094592,8.839153186281534,10.0169215877851,9.093533880909296,9.969783377846095,8.77587657292685,9.678652897675848,9.690513696869228,8.772169700463627,10.25245765348277,9.14320418496928,8.689128089149804,10.239306869109488,8.89754985948405,9.505404207905148,9.386308209498736,10.548091684778546,8.695104059179634,10.450323211153364,8.946680837472293,9.447833557923648,9.591075046857211,9.096762960155816,9.270740800698611,9.547419735391948,10.242528152068472,8.902943042119357,9.959117049773548,9.406527534325932,9.57773256560168,10.007949211200092,9.279200130303714,10.295677074988697,9.61553182323775,9.6015449734529,9.034060458143564,10.078645235498762,8.82289862950644,9.145621047218654,9.420854944189404,8.975430416067452,10.1937169613441,8.588994097312302,10.31680123587451,8.680130261381478,10.330697483023023,9.49490964015326,9.583537094791744,9.580500644644115,9.356893617113444,9.899125999410963,9.683367845614764,9.022049771149964,9.748457089265203,8.637617227037758,9.567420725425098,8.708180654843659,9.784399577577922,9.35635849018893,9.551186469992016,8.66923619469008,9.743631852467871,10.27193548460803,8.598094474871964,9.737787594397878,9.640437179406497,8.975847655137391,9.213419691522926,9.154820146759363,9.441251466472956,8.866353416045518,9.360420502622935,9.082562807401034,8.921012565096232,9.669719064533723,9.091777671774242,9.085856229861587,8.64295767803988,10.220224786698832,8.172127952774375,9.929745239814137,8.463180406987677,9.56190861721835,8.800893416603419,9.168234668572758,8.828635537326345,9.587018796404216,8.354356216986984,9.55616009682418,8.980598402818057,9.513398346503587,8.82132145603499,10.23583342035613,8.380379771192878,9.182189099391314,9.078233814438194,9.82900851686797,8.74321886618933,9.176482070287081,8.49806127568087,9.481280108888956,8.901646907528255,9.336932923992487,9.048435802658412,8.565475602348656,9.613689693411205,9.74133977969489,9.033266800840707,9.222663771112773,9.631647468407962,9.098218889534486,9.488251908024163,8.823425933321332,9.016186233361573,9.375465772350642,9.017648748358102,9.508628704150533,8.901606714328143,8.979281246264787,10.25119227369628,8.243304229577392,11.003250718911499,8.05941851754984,10.290309301813457,9.436271869142864,9.457942456205698,9.135687548716875,9.791285136540745,8.467389661868426,10.514741494258258,8.751819846232745,8.963575924237581,10.098038346966122,8.24342121918997,10.395521324475618,8.446825350125643,10.37100765069327,8.724821744163842,10.338880239327764,9.289981019695613,9.854500381549212,9.696002021630619,9.489862287243222,9.397739272912355,8.894398005803438,9.258615025480601,10.384015887578343,8.14255484720072,10.213823132117604,9.485515294869755,9.4926707049211,9.59608914872012,9.471145904262874,9.708275894721362,10.074783882697437,9.412748308976504,9.875802067120883,10.195667558511113,9.536857472260808,10.09417829295001,8.953649413784357,9.802450353105876,9.12379586239657,8.631025064786286,9.962173310716961,8.91215102215609,9.941380261381482,9.22862698574862,9.53668449779353,9.595917001565311,9.72340232630572,9.124381769498202,10.462468017538402,8.302094197471945,10.404277976950022,8.120062148173659,10.800704987843842,7.931721005638448,10.51735793312392,9.025049199660632,9.043617586692188,9.189219234784456,9.417387108405444,9.13217707773051,9.696399085720394,9.314816541870448,10.44542807956538,9.430726805528018,9.492676217158648,9.170934743483874,9.987840261658048,9.15863680203757,9.942542408903453,8.786185319026323,9.653033186395977,9.128310015400265,9.95188233395419,8.458856290777534,9.729169113834715,9.437042501171442,8.979252149661393,9.298677318890903,9.388747428854321,9.308104304273936,9.114414109190317,9.418597166736935,8.923248607118936,9.822762237389897,8.447332445581765,10.287624724109982,8.73314202507338,9.969979390104626,9.097107964952798,9.901945529182766,8.918575428326937,9.560227183898302,9.424740290244435,9.300463535388323,8.823233737548206,10.500999699433658,8.854783904155108,9.855743189652776,9.107546331485125,10.358394687374446,8.907718459566446,10.243529948194837,8.909904566009851,10.180701300700521,9.170756823023174,10.4335917868217,8.954906429847092,9.606131227811193,9.811586662729594,9.10698212762675,8.951893841226907,10.066886680920934,8.977302679618212,10.053352620800352,8.747937423189493,10.047718284328793,8.579478631814332,10.787491424282402,8.83052640994391,10.529925960501048,9.06026177664599,10.383379789789533,9.524742298324917,9.48371496697268,10.383144204219198,8.989470578630774,9.883295241793013,8.776146848400442,10.428555329044674,9.083732716043802,9.627509746750212,9.074937716921184,10.228643914063786,9.311898482044551,9.642294976313922,10.452034785350177,8.818035229643197,10.419482147892332,9.789212259252881,9.780383168061588,9.171373366316173,10.513421221574157,8.772996289332719,10.055452506740902,9.415674295624111,9.990856377085064,9.006438221534104,9.964260581334447,9.601101444562289,9.594587552746152,9.787913677295062,10.166620777448035,10.0094250859817,8.603913328846307,11.103316719134659,8.637017931540818,10.209594155152654,9.402060053547235,9.864259252150868,9.640269372065875,9.47875234385333,10.579813506205888,9.715303389032696,9.258554420073839,10.247239461739873,9.324059601028774,9.742970940073345,9.61031090398631,9.612737873395298,10.342283448775623,8.638789530595153,10.332247352202746,10.032005945642803,8.40577394147715,10.81771676917872,8.926367791493744,10.532808240254733,9.017125260432573,10.512333008845662,9.119350182016703,9.56338517626128,9.937369948824262,10.225604093273494,9.170275716384264,10.23757852216563,9.953665662606571,9.5701636405786,10.369464269479126,9.158150739272449,10.302019368608807,8.868414158423754,9.889738868077613,10.171544991334292,8.670222800572725,10.991494565208763,8.755292966564507,9.301905087431287,9.973578099211071,8.919025108416887,10.147763836582516,9.282857076128337,9.597024809916828,10.083606937130305,9.136753909190508,9.632681802113865,9.965036763747547,9.29808929940066,10.910008015235276,9.118171447714182,10.778442859252305,9.474829420646046,10.208406765659666,10.484390839536998,9.035882382591577,10.854399835069982,9.461054084499692,9.916223837931964,9.541436172326419,8.77072653313479,11.25385295708975,8.684696697791429,10.437372753222796,9.542046339710566,9.515777446826313,10.464866500695559,9.231582156022403,9.736776514848087,10.276514429052686,9.891376472910261,10.006594165166232,9.47360103984675,10.262113692363119,9.82858020504317,8.680484500726074,11.07981989522776,8.551980732282013,10.206725436647748,9.78334147950015,9.30280249734721,10.400907431443548,9.161262098153445,10.577284776767108,9.681188206871365,9.55684490879378,10.161024827559805,9.527931534250591,9.220945805509897,9.78209391077361,9.572788441975923,9.596135970552774,9.44372796316943,9.357693665226314,10.616605387528752,8.689603799780222,11.176936164100972,8.482608449061722,10.277044816811893,9.461695308287952,9.501731882890079,10.279073588450764,8.839958089788766,10.649175204237315,9.410784089763972,9.080934841831537,9.322207746108386,10.796495498617501,8.835816834767671,10.958601477940885,9.26474467714629,9.889124834140157,9.635185631712291,10.111174536546086,10.038062905271863,9.176205803950639,10.5002331497272,9.467939456899975,9.749875271519038,9.623275236686085,10.464357600410793,9.223050115307183,8.881483463843676,10.156022871931409,9.833675592740391,9.59547203143439,10.22694159587226,9.995096963246677,9.624961371024463,10.43136666019759,9.060758851369235,10.011964366038656,9.838135642011974,9.606696425875041,10.175594993432378,9.286980669697138,10.771281311710686,8.804971093734117,9.951817980607364,9.317187980612132,10.537004488309238,9.124004570444436,9.841015897591923,10.408424435456606,9.639167703588816,9.991832684477185,9.477703971465441,10.2663840254148,9.178396085103365,10.204131142099712,9.953150776823378,9.721654253800724,9.389980078538272,10.235442425211286,9.57962393542132,8.879007594784113,10.389726713498446,9.545359579523419,10.07045037110648,10.10243901332221,10.395003838141772,9.603788481553408,10.086748197277402,9.735210517843578,9.139753527243943,10.416325774391504,10.082067475517606,9.508097523649548,10.512467856605861,9.612173540194844,10.309134919842098,9.905861942966794,10.092253136833524,9.667797985871648,10.16193823119006,10.314012046655034,10.487589550217006,9.926563070019101,9.754618849953028,9.921016667087889,10.562525685032222,8.963316598137231,9.538109693129872,9.577324185570095,9.72547158678374,9.582158308227871,9.555271645387027,10.706798045833919,8.963368386228892,9.864773322542522,10.347897035082195,8.991967513759946,10.457670618494365,9.742110253175113,9.548105415304514,9.10236308594546,10.02437474628291,8.98523522337279,10.092805044253682,9.239012964566562,9.539420506556842,10.069334812363003,8.778438877065987,10.89099712987742,8.989551420410486,9.600874430139873,9.993799995978689,10.72538487037024,8.911772111256928,10.377595891555163,9.714360183080052,9.029259823163361,9.43035711427531,9.471104917128892,10.269667206605291,9.27893337984881,9.684445308645582,10.031951310237263,8.78826502641043,10.421615016063067,10.284302966197346,9.35116019090018,9.818905020554874,10.39532773335776,9.392996210654589,10.496737838586185,9.534317544301365,10.022783160408354,8.966955859263749,10.18426371355853,10.083865178426121,8.968518616755816,9.660169667204235,10.505074447592115,8.495425771077485,10.727378713687271,9.427097012599324,10.032061777313565,9.516236776312207,9.304395407040925,10.724196927746148,9.040573522051186,10.274134496649118,9.441202503641458,10.090417860945081,8.847777666052194,10.5557023026546,9.0165039642652,10.306150506337499,9.50113208552203,9.811463490327215,10.465123701890322,8.908082837065072,10.56264597018561,9.312435192664475,9.642475847204542,10.398018202980372,9.660490061839434,9.637165653904294,10.15836543401084,9.998026452859257,9.04946755131087,10.047778500517223,9.495151763757084,9.640849747856471,9.739495870073652,9.92685527702174,10.180592861374235,9.618450153668734,10.043580714066838,9.373148209055278,10.622810820539803,8.289822041591018,10.899812293847413,8.730046137173982,8.902968095739695,11.052531197269765,8.847248201568934,9.39722276290259,10.422263807853076,9.56887128790221,9.78184380014739,8.8794171490272,11.429869096477832,8.801614973743769,9.87224121530852,10.305167315801,9.281275800665231,9.82901629229388,9.736618384321545,10.159369325240469,9.197090806563708,9.282055904467914,9.650564082463596,9.978489574988696,8.43056252916655,10.890431081851334,8.224090413649886,10.611098324259133,8.769750474890083,10.187757566173886,9.087368703087183,9.916116091807698,8.861404551466318,10.235544747312877,9.46764935334525,9.977212496598577,8.917071275313708,10.573485779960963,8.87291514595351,9.528152952988956,10.430242555340143,8.819349799354884,10.442010324200007,9.25364996393523,9.466919889052724,10.095110131104802,9.307829721172666,9.78147455354533,9.398365525205943,10.126394745906211,8.86069073577723,10.066566282113408,9.41872617920241,10.623146943052623,8.594967746337266,10.030178107817983,10.02226218660674,9.497736600240083,8.953865489562366,9.81487598796687,9.621055911382054,9.401279475291581,9.69583089669547,9.50011308272681,9.905464399655674,9.047082424362513,10.836046680410714,8.915604686339709,11.301876132686939,9.37627057274184,10.259710093935343,9.590003757675504,9.866805195411061,9.72488917847476,9.2778014334043,9.855039393504475,10.176320373018596,9.493472485740993,9.090804017980906,10.208666781385755,10.017619462807989,8.615743097861618,10.913173106511444,9.275430977543207,9.747920723160123,10.576252426703784,9.403604082067822,10.178542889555311,9.685512478550288,10.049052024682378,9.760929647882792,9.232278100450845,10.064448331197116,9.622846147020672,10.214978773792598,10.050661127169942,9.51977902968726,9.149774761994692,10.6883637281259,9.401294732292508,10.352128674586627,9.148760352929445,10.613583546479555,9.747569521268224,9.45877936323485,9.824867170055722,8.59434477587542,10.527293906410549,8.79899425526461,9.930278166135166,9.508725879987093,9.544720807274196,10.566930449207637,9.062098875840517,9.294492134054515,10.077917798956252,10.036478530963278,9.766149622400615,9.91140345414481,9.713956534465169,9.65828030129275,9.647938481767987,9.529489260514591,9.385651325782153,8.906991967161508,10.411319779356337,9.40555851598582,9.879378411968563,9.636361731489512,10.154668448766088,9.90756359179816,9.853458335598324,10.052606554230069,9.356209858258579,9.265846072038027,10.520319673021648,9.243812838991495,9.630461714466426,9.576575992306088,10.020366310079906,9.646755202015255,9.259142511089655,9.901916844447468,9.927938204606388,9.70175323804221,9.909904300769183,10.408938461740824,8.29871906777224,10.970020637710897,9.275529094537113,9.791905178626392,9.497352398236607,10.21687149127326,9.299600243171067,9.694503371318197,9.461922376950595,10.862035029133171,9.007322442730281,9.961523000796651,10.589242372115466,8.57662255426249,11.058581090172142,9.641295552452418,9.806522624095296,11.12781964321932,9.066147811015458,12.28911133189996,8.973694367607445,10.580306003888461,10.55760038395724,9.39720314462981,10.641774140795086,9.53621657987437,10.346514619191503,10.320881847341871,9.658546152313564,11.111346656878798,9.600183080037448,10.325729056199407,9.729147270520544,10.401811286409709,10.389056357940053,9.875615118344639,10.048702150185918,10.567628968556734,8.779935226639122,10.337268369396543,9.996138822635027,9.211534501512858,11.112741956313462,9.359475634892794,9.381969316204401,11.01299126823744,9.114891163309428,9.88509266753993,9.973371572693203,9.261324158509586,10.332901540597293,9.564130565126751,10.297403735717152,9.024035929044098,9.835348286827418,9.208901350696893,10.103009460767126,8.953953920205445,10.632758599122381,8.724034919937463,9.944897881348941,10.328735346992826,9.184490915139527,10.438292029698701,8.678342396815628,10.808896850546212,8.877374246915194,10.08034359355769,9.30661300202212,9.796063417991016,9.74048752744994,9.49607557733855,10.016597644289348,9.448240924676274,9.076028133829448,10.020249419411039,9.746882164676999,8.443626352151245,10.688444643219322,10.070414082010604,8.783761286934228,10.554608272512764,8.84210355838141,9.775281577308986,9.468924791415546,10.080581786831234,9.567086197932575,9.553778896530483,10.559062295754764,9.00091779013476,9.359863079984995,9.641132281025264,10.489604212840412,8.711375758846613,9.956895758112285,9.40734955867133,9.700857336123796,9.961430446704243,9.209160199960085,10.330058596332883,10.111665809949255,9.661807218988749,9.59277937193713,10.1728410245975,10.032574781378125,8.869784157474848,10.415751077731466,8.672311459978435,9.541399014194818,10.46693257947764,9.328534656365724,9.067284406622264,10.131366561849926,9.794734121759747,9.18677837987742,10.305200913747166,9.635934565265986,9.750590117772434,10.862510478695244,9.716010710795736,9.840683639248226,9.717797212799404,10.625124491651865,8.797097389896722,9.626320677002283,9.499875753720616,9.255934068759293,9.466128609379147,8.89693729778132,10.092964469989155,8.362361292441696,10.345636615355824,9.319658845861765,10.560954165657375,9.59169062574706,10.427015841801976,10.132296631534908,9.50332746167979,10.181658926804875,9.796109892924642,9.661558041175219,9.082560068567608,10.346061462958666,9.88917623539767,10.244050971468305,9.282177862723682,10.655362947185846,9.46141670664153,10.397679374416683,10.122141580780362,10.090721020897243,9.919728248318053,10.66285189588866,10.04694374819598,9.753818401892994,9.77422626515231,9.922267666061735,9.27348853905997,9.904561438163137,9.49442171831927,9.795746810634945,9.76802557488284,9.454519307812069,9.924556532700871,10.044142907460545,9.126189908583973,11.26242502947649,9.07894861241183,10.590872345765444,10.838016315897317,8.537353698809952,10.469865488012644,9.729504765470837,9.792123275597906,8.633308412035317,10.343598858316753,9.387391421397542,9.026086892684312,10.608725602229448,10.148898533781384,8.8107236202558,10.96786780019602,9.731966509421682,10.26922164042792,9.186589935620638,11.392584094603865,8.94233947535357,9.342585748632763,9.66048718651137,9.372424069245671,9.584090033968302,9.585088718732214,10.181770506103847,8.090223315556853,11.05239716311297,8.358239727815002,11.283515711029379,8.812973286708209,10.147614911993358,10.217583162983276,9.458926893671366,10.137349419196463,9.927274978359554,9.401795193751665,9.857221219738337,9.818350769480084,9.879563272794101,9.153655970891329,9.907767707308148,9.93068791290126,9.142517813046787,10.090092703898762,9.302820693453166,10.661404789884896,9.560154536565157,9.707487850387906,10.961195894678442,9.254313083489748,10.228156792124128,10.28731359382472,9.107684894402833,10.104026107986783,9.627397113641116,10.664107999404285,8.996482594211908,11.595635649164521,9.133864266475056,11.543759651978814,9.727966972788188,10.851492188175532,10.760855978926033,10.877997699578614,11.048102609713883,10.775100196798654,10.97062205751738,11.211741374929755,10.912814103563635,11.425255976518,11.078058807452527,12.5590919115146,10.745379571517319,12.275242054065068,11.580436641176545,11.334557069738713,12.189303617080052,12.170218989451728,12.322491437991458,11.096008011301366,13.338418851693467,11.739188311894736,11.335926021536197,12.936612538894014,11.831168357928595,12.42236290415128,12.196673230131468,12.355875921448071,13.077042564352348,11.435497828920688,13.198758529623344,12.072860630353293,12.81076114495595,12.41188824792703,13.239291045864418,12.330122813185058,12.426908793052037,12.81313208599885,12.444967356522879,12.543914808829623,11.976029461820922,13.23031971653302,11.675704890092218,13.336684701641394,12.230031532247862,12.942433886130646,12.07817846675714,12.58540406366189,13.350603294571236,11.54574105580648,13.11438730080922,12.714934116800624,12.258424856265385,12.494228999813396,13.23593455811341,11.697872156103454,12.81701283117135,12.224600271781288,13.486809964974714,11.888673717578254,11.92945673843225,13.229909928043678,12.334325958093007,13.119488628705337,12.46572762151559,13.214395349820448,12.566505347092946,11.373299097021427,14.411838272412608,11.84031978984674,14.176867937644312,12.105677281220755,12.654977513154344,13.212711367805793,13.358986056645703,12.49986944933732,13.446011646588637,12.492315666874246,13.706656910379722,12.816159541209537,12.955204645593959,13.212060238917664,12.38570741077264,14.287769894798586,12.655808216532069,12.633103465040524,13.335165518124892,13.009651547272997,13.36427850087483,13.146709552605941,13.137306563456848,13.474095246990514,12.582394133408863,12.711741190155344,14.37731935163338,12.233501595457396,13.412650912602738,12.959710829456645,13.591739861567808,12.883507987459497,12.971195938785868,13.121477838357285,12.923508919080096,12.433155604203542,13.844354028900455,12.172424940069515,12.9994025739034,12.623366255958873,12.986509699424104,12.385331968863804,13.804025750954937,12.159709473450977,13.370214759906126,12.570954324801763,13.24500338395436,13.107029925187424,12.436787929733594,13.649377309282613,12.662740428646403,13.151989591916397,12.760485619505246,13.05737675150235,13.04591204841931,12.95828239937623,12.82921228488286,13.105571499665572,12.886588926513985,13.342773180206612,12.888490996559456,11.984337304433188,14.475292455156634,11.993035717209182,12.953194672067957,13.143766145308808,12.711230976184206,12.197580650647481,13.778790385325742,12.140655451019605,14.446944698890038,12.199118905862171,13.201925727923706,13.574071494539572,11.928713693817459,14.264402947624514,12.239458195765815,13.803299188216517,12.7179579826196,13.502159820993734,12.737440552910165,13.034763668378188,12.888926547964411,13.73727705081303,12.441406217416127,13.971765737136197,12.920857571562129,12.548014048536615,13.390545674165082,13.021370419462517,13.766193942626307,12.227242720921836,13.891354270180056,12.904499547680215,12.423122704823813,14.415246719320603,11.901682875951133,14.18260184009869,12.114498692949615,13.412508376439407,13.145869906147313,12.206041048963863,13.145157040556263,13.026575240095454,12.070080800851185,13.420399766166998,12.491170323093732,12.558986797531443,12.92722611447175,13.159226842125252,12.400602142413456,12.715570343931512,12.301221793492637,13.268766063054397,11.474647550185525,12.908204077084855,11.693326838215198,12.02551724990209,11.89980653425058,12.013716639479004,13.008300963242844,10.9015161206325,12.472462898095449,11.528421600063645,12.011504629453027,11.317319038112965,12.404333092172942,10.99090992351374,12.36612107415994,10.966437100370735,12.48465257068475,10.469589297374103,12.261200881799063,11.912720542748772,11.343838035662973,11.280208056171743,11.482767844398825,12.16195390899976,11.196374198993055,11.848484863241517,11.90514008661111,10.850187623103471,11.783333194454515,11.87413773318132,11.061076219876616,12.042657230099046,11.882278815706572,11.31799341400465,11.502493234475459,12.59955360194047,11.484171286424004,11.874491284688315,12.262279945810635,12.44690598328908,11.399179114302003,13.131814105709388,11.68705781956514,12.813892215092974,12.145021034081775,12.58707018156846,12.739259237845737,11.553749038775766,13.419433158834767,11.93926271637281,12.340249885519343,12.600326802333193,12.45787519951661,12.377542613943417,12.49190167923768,12.491773548324902,13.126289460261654,12.331030508478483,12.590609802802401,13.445197469194724,11.553240261872613,13.088804770310714,12.47596878071626,12.62947861512502,11.841843477686247,14.023129956920933,12.123177552421886,11.944397761424383,12.659946910937624,13.19785241146882,12.047869924505553,12.588398730953534,13.118020593722656,12.052641622622811,12.674558155139284,12.640272604425748,12.66454374214013,13.182202776869133,11.868473085363707,13.893863057692839,12.011967598398527,13.439566660126046,12.977774916489915,12.452016310890516,12.74001214345296,13.016470247109726,12.846711485584574,12.97244971175988,12.84169072886308,13.098597700794533,12.543161304791768,13.6129297419389,12.320214703877767,13.631545212467504,12.30333710392316,13.43219333072503,12.54219291647275,12.672256716092427,13.175362194379165,12.713723236521082,13.205172016223266,12.133329549630481,14.411184191902466,11.904923846324287,12.735195350249604,13.820271212657286,12.502804094751673,12.198989163835845,13.652867029507947,12.702568669517833,12.711679262717563,12.51408774514993,13.82923978408177,11.821653461654982,13.271591583689048,12.316993552049,12.912651065786676,12.641479932268458,12.868874877293901,12.778963787754373,12.104911805589996,13.16069924374421,12.236636280020079,12.591197904547055,12.322676442464193,12.765099142392474,12.081371431549393,12.376553346117337,12.839649836619692,12.742231362064677,12.376548843582471,12.728621224363645,13.057829085787132,12.426336524089177,12.428711745937665,12.97485318859418,12.84197798987229,12.443664577802021,13.36331055661042,12.425487802227336,12.860455994208651,12.815668176611261,13.42472542424996,11.986960106690725,12.88471938272317,13.118532720406845,12.510913452704747,12.43864220102628,12.49697536667188,13.450184006293608,11.98533409913381,12.69822152515252,13.331067732175185,12.069703551729521,13.587500743468592,11.793045069773996,13.724978316624952,11.662121885617578,13.75995793839295,11.917720586260161,13.148130913575486,12.099124692877135,13.726963536938024,12.173600985606512,12.582787446578344,12.827557038863494,13.566041568716361,11.652023630340897,13.151881277759864,12.839752934177714,12.39703199704488,12.514540304740267,12.950303161342935,12.41988961001237,12.242290325363477,12.970522589882211,12.707078287204103,12.273219267924627,12.576155746777852,13.21339600463708,12.527948345144589,12.786799130042391,12.827126333912213,12.518520954449968,12.356979600389797,13.348177100022628,12.396427260835962,12.442135387857753,12.752759416302043,12.84209255417188,12.400481692751248,12.666211551030473,12.700184235175447,12.753429356416063,11.887669391234716,12.836643817623454,12.498562043507894,12.542837755878763,12.809701868494349,12.680868172248204,12.239113115270932,12.703989096482594,12.888428909381226,12.465772627790768,12.350239323576293,13.328991549213722,12.502927624781925,13.195341848929715,12.163059011300406,14.078914211591075,11.463621838291493,13.02065043886502,13.614053046305964,12.367170947392783,12.63022524197896,13.213339555462197,12.768561172087985,12.153971595366798,13.761105861862491,12.565162679155664,12.502365423043567,13.246813970406844,12.462356481154758,13.360395330389332,12.268880847891174,12.975869043072061,12.994011230071383,12.078635603388152,13.570767097671819,12.920740583141642,12.056669128139815,13.590689317186666,11.887942645152412,13.703585608204198,11.829115936358773,13.655703056653334,11.536680180033054,13.55489288647969,12.18359189172586,13.287828259666755,12.617545801003772,12.339715959032375,13.777350695331883,12.409110769232113,12.668836229046185,13.388717312415436,12.87871140559514,12.16549522837003,13.447595460017515,12.167721721728642,12.911852286656694,12.6559001793464,13.260388536651924,12.565188957651456,12.64602135856946,13.339446922739342,12.778152203758555,12.468267621596654,13.332648716171578,12.719367143114404,13.214739258488015,12.679218788345654,12.848307110269861,12.984805888732271,12.64395774622758,13.450932642420126,12.348594253261883,13.009615379174548,12.86263804276784,13.1102397741874,13.123895403345422,12.039701189597446,13.922326866586996,12.170343655546505,12.533834908207258,13.251713215311362,12.428158162434896,12.77881867488225,12.871983967622118,12.912745210727053,12.707102707823115,12.940230724414187,13.021688693364457,12.817441426118215,12.58030810554822,13.076730106075601,12.71284908254941,12.801088494261103,12.964782749017074,13.137789934476212,12.11340617676576,12.978266262014701,12.912222009499864,12.893540625174834,12.857320715983706,12.771963386734324,12.687000872691472,12.468193106253942,13.16902152438958,13.032327547272041,13.059138876994446,12.260793897112212,13.565771455367399,12.300184150536854,12.870581776698428,13.116698811848954,13.076849411924677,12.343802648981411,13.431996930440262,12.372923250993091,12.771772845586138,13.256448690493896,12.407717839678128,12.778589734037713,12.48625504275163,12.711119371255238,13.017550602753953,12.325236186583837,12.81015947004159,13.261118197639778,12.30527383108934,12.602348650892575,13.477219935258223,12.088364971478782,13.32644370098908,12.112930237849552,13.355662569006277,12.215723798473677,12.999643122752502,12.714151255687078,12.745323773225145,12.241272314389546,14.004960323770833,12.001179223259292,12.77842407127221,13.093388644655542,13.144716655810669,12.736209131081896,12.552100767095883,13.338833885391548,12.541087502439813,13.535578309496236,12.234267757733665,13.940433690150568,12.498339601357777,13.414916303356481,12.086110552748046,13.552003996570898,11.999672060211502,14.229082657893487,11.664921781023347,14.117044915159536,12.37630255838235,12.906980074246722,13.174288543065384,12.558505032857258,13.786029247244189,12.034073954423272,13.335487896402672,13.247675168116881,12.736917286713915,13.63120559950669,12.981066354115802,12.718529743154841,12.964699272116022,13.256264925201728,13.396933550437286,12.276340363820394,13.684736092289281,12.321752718289693,13.697758333881689,12.40241170545419,13.445188420613599,13.101323582132652,12.649905873735742,13.188930409153297,13.429153254826858,12.84090557058652,13.541746238668752,13.26157771845658,12.754818766315775,13.345518689950302,13.71728048046429,12.725680693586664,13.961733897527049,12.10176784058412,14.64008672138054,12.003860960801443,14.06524559815724,12.76149591763814,12.99794844826062,13.010623727639514,13.981319885452578,12.881774184902506,13.326394486625981,12.651613863309224,13.717409928043676,11.816128833492598,13.38184607883294,13.387838929494215,12.864891750415163,12.96693624456723,13.202061463197067,12.55135839362939,13.074595920046166,13.17517028232415,13.472987926204992,12.890121309359865,13.06355012496312,13.587930408914879,12.376818698247273,13.340660156806305,12.603849808176356,13.901774997909854,11.687354621489847,14.471534643371887,12.364713200529415,13.244219047029809,13.698320131500555,13.276843577225998,12.675731647809343,13.83046143015225,12.947822354038552,13.404940768678978,12.397419190605481,14.233350249131512,12.575736040075617,13.303120555480314,12.734432974060374,14.13428938349087,12.087901170452435,13.671742924650502,13.381406103571251,13.1310828479131,12.4361469378074,14.411276625593494,12.115317570169767,13.17965898176034,12.998288921912506,13.414779244860007,12.270562410553296,13.566209266980481,13.001475163896876,13.313876228531196,12.786569657524424,13.511163922746968,13.113155729969339,12.875250832041102,13.130183572371799,12.741878405412034,13.373705747922257,13.398315741618466,12.462518937190373,13.66916078945,12.422237191994984,13.865295338829348,13.449695884188008,12.609787563880284,13.582979480226825,13.296836586197212,13.08849033971627,12.944502421816187,13.964873954852413,12.784399756391842,13.386612205704047,12.718302110632258,13.633102421363189,13.041571688254669,13.077947521408394,13.355414795478179,12.314629095991451,13.629095725615812,13.247148421009376,12.498702530463534,13.493207614024476,12.512876364787417,13.399337163170173,13.041136348446207,12.481914655764895,14.271553626259161,12.39035462518533,13.492592489322021,12.526384379466373,13.276449474294974,13.160847621162727,13.561019181211782,12.592684363921483,13.68598867853482,12.728654255469639,13.667152718504262,12.854548286398249,12.72510028382142,13.880839960773777,13.001000034411742,13.026923716266946,13.799917731483767,12.610427322586377,12.969739605983095,13.094211778243377,13.913203250964473,12.008668875892958,13.943998408516238,13.295927772720649,12.827941457827883,13.098961554964378,13.546971852382018,12.487221912344296,13.324573637445763,13.507276118596389,13.675718169411017,12.20555725534757,13.713042405446362,13.69455878098805,11.966210077007613,13.68541230161984,13.969781291683505,12.11065419693788,14.111059202154468,12.152132736047111,13.948930165370296,12.147297058304153,12.536856118043262,14.01089364429314,12.253995085557301,13.80815534671147,12.988254073460894,13.172466805775954,12.98842868228753,13.531317466696096,12.76667419274648,13.171244874795272,13.187429126699762,13.980586354931186,11.787249246438346,14.146625167926143,12.676357058485346,13.46342969377835,12.907187106211975,13.05763467689355,13.456612959106756,13.288193419774368,12.866304879387217,13.960112651189158,12.823916977842647,12.959163175423937,14.059797295530627,12.419398035009701,13.77010505338509,12.35174232741197,13.831324323614428,12.73588793238004,13.318160096605613,13.196210967500999,13.042361861069994,12.874001244505244,13.518189915021253,13.437680483659102,12.82693964262803,13.586039110024762,13.004319940408068,13.399865770538641,12.609962808688481,13.906500461896252,12.72740028639634,13.129266802867248,13.011125371654822,13.009165657957391,13.632005883057905,12.546278600295384,13.764382559855772,12.461005223592121,14.03687234302361,12.626836893757183,13.110616377194717,13.031346243818597,13.295359143813446,13.409926135142639,12.758817889889079,13.497812704642605,13.113850594957666,13.615032655795408,12.885274341901141,14.062698209484408,12.199006774028144,13.699558269580198,12.737197031577425,14.223383634289094,12.502608447273571,13.759549592932055,13.09966184099515,13.198376052578283,13.038100707133609,13.314960797627759,13.251139699419333,13.057319110830619,13.405037071903541,13.40930949409802,12.442071017821629,13.41949037631352,13.19224546750386,12.66654660483201,13.091122157176331,13.087894808252647,13.073494579990701,13.128182538946467,13.349568141897512,12.916022154291468,12.70114986379941,13.922703945835424,12.739153760274249,13.36797373970349,12.55867358704408,13.416408043106392,13.593824679454162,11.994420583446821,14.417685815294572,12.412669890721638,13.31280138512452,12.53429039200147,13.925730829437564,13.126901190479591,12.719487404425935,13.510826800664258,12.834378062685328,13.109134599169092,13.572088892658543,12.295375838478408,13.820810283025097,12.146998055179916,14.640540201862642,12.029084040721258,12.923009529908494,13.776727412541698,13.315695151885345,12.541311972339948,13.836309422453235,12.456713860233624,13.602203993995975,12.598278008302053,14.092181517680476,12.025334429939589,13.696376188000036,12.936103255351378,12.752142080863315,12.897255851825076,13.51413898487885,12.467757499416669,12.946689768036203,12.980871395667391,13.327082532246902,12.688763114412623,13.164530344804126,12.915372713406875,13.160202115376785,12.544057846268018,14.04698371966679,12.319981432755787,13.90604468961556,12.196935538252196,13.696269369920085,13.417939574321105,12.503389350970586,14.163375871380161,12.254734109242756,13.535359355409934,13.64398313244183,12.5064070357879,12.816114388306936,13.856494404276201,12.56352288266023,13.717314026554416,12.625823181470235,13.37650000770886,13.592024554808926,12.192845893104872,13.734092110594103,12.796503501733138,12.886618673404055,13.51624733289082,12.851587462027862,13.345191745956733,13.06047091086705,13.146778897841768,13.253834165533378,13.030883482893303,13.181188786228493,13.21346924980481,12.838058567245799,13.463940692742659,13.139927835663155,12.863977340658503,12.953738052447632,13.545283683141065,13.227858117421462,12.420501992901166,13.529014889796567,13.073554092248276,12.871254855593042,12.945755813916522,13.527821039160088,12.657117387851077,12.928323754270869,14.011394096215554,11.970627798636755,13.228278641899424,12.647138497432072,13.604322923620535,12.386339459021883,13.908469351132704,13.395421539147687,12.453265224893887,14.236125964721033,12.04188606520494,13.518560860355688,13.050258158047988,12.998547994693118,13.955568210085225,11.79232522328695,13.835174883802722,12.976339023907975,12.49400374909242,13.442810808618859,12.902295853694275,12.423603748281796,13.331346163352325,13.065616405804949,13.521613857348752,12.483168400724729,12.887344566186266,13.358744934399917,13.004919662674263,13.183086084922149,13.076760906179741,12.992796119054155,12.995728100736931,13.045658362110453,13.147937317093207,13.421473272641494,12.644603062470754,13.813612870772673,12.94996515889962,12.512999003132183,13.823906634648633,12.968750971158343,12.772129204471902,13.595639162858319,12.935618775089576,13.552478509744,12.376789189179737,14.327238465150185,12.035543058117232,13.231700439055755,14.000098140438388,12.648403932650883,13.209362063606576,13.61516400476296,13.339331821997956,13.281567290623977,12.758653640349703,14.322982650597881,12.332460144956906,13.376678525408103,13.116030047734574,13.242692329486205,12.515867862900098,13.94636901577313,12.258094352086385,13.214703796704605,12.774219519098597,13.265709362228707,12.727898646791774,12.974177020390826,13.890876657565427,11.943374666174254,13.670288817485165,12.882866093118983,13.32883947749932,12.338808186252912,14.148056640227626,12.543509018619854,13.205650518139201,13.542775143583608,12.37434925576051,13.96850149889786,12.719945144255952,13.995214133461307,12.877689966162043,12.761980844338732,14.117273144324608,12.869752941926317,12.851226505239799,12.991717342336967,13.965466973980257,12.473539113601046,13.329899211128547,12.876456061800319,13.693302284677817,12.361645530660946,13.256939548452687,12.974607451756789,12.814416765173274,13.031372196873026,13.490974474151924,12.213867271145183,13.118408976991969,12.614588900407153,12.995803970297173,12.455450291236241,12.493333748181659,13.85224085946877,11.893121246894202,13.136947248776748,13.112316194971399,11.841189797719322,13.297974379857376,12.770160274108248,12.99913847227891,12.409063513477642,12.929039856394128,13.402759633262948,11.788795966108644,13.480387090047195,12.97462849338849,12.743357176383334,12.606697864731153,12.313193679054578,13.164905665715532,12.552691321571666,12.891920615633326,12.845734395583465,13.754421257575345,11.720561410387361,14.092091309030842,12.291648111542067,13.572066880663229,12.782248175938921,13.528084704478575,12.312374961574871,13.625660386284185,12.703262213071184,13.281460519631699,13.185908813675239,12.410530105431874,13.370487832625702,12.389731360872586,13.419020111163452,13.003024724920586,12.739973519643145,13.045452484687166,13.115684495766954,12.50029839177926,12.962675134142238,13.077078477342921,13.063498163421944,11.836334668596589,13.428878230055165,11.923987310131395,12.666926191647844,12.292816048463186,12.17677336414655,12.061217076977096,12.82735242327054,12.170518934925399,13.298047524889306,11.762437675197921,13.678617627819369,12.061609990795455,13.483286288579297,12.533787101109821,12.963709886868791,13.422548622091606,12.269622232516605,13.908089468081782,12.320480102499324,13.401118962367368,12.741049756606419,13.574138979514432,12.865261452396707,13.331558935840919,12.664292007287342,14.001501259406398,12.513878748615582,13.507471820910766,13.270548305114103,13.066238817771273,13.237886979182555,12.607033422787982,13.157264656027152,13.423318498929337,12.892980337341623,12.905528314908343,13.186551298101739,13.090348653395967,13.017107996543245,13.416606669028594,12.914644598563507,13.051184849341707,12.975206904013948,12.748323439558344,13.405862698753669,12.461521282990773,13.403952914675068,13.003938959439592,13.034118832548456,13.366871178348854,13.248279391129808,13.762673240502668,12.423047163685162,13.475582012732817,13.808653121789291,13.028934963544204,12.691509968837101,13.963303583463023,12.732912464936573,13.520151331027343,12.63652531345685,13.742147759397817,12.734815223415689,13.802333054741217,12.460117794473963,13.468087617357567,12.196316971381506,13.232019952138259,12.65948796232541,12.951677939494445,12.745322851737336,13.357642029126477,11.845788698991141,13.420577241381004,13.164360429247216,12.236076728304228,14.092196039756129,12.187020395596823,13.558704248269393,12.84833536704381,12.634012080033619,13.774818948705981,12.353464364012082,13.304787549575162,12.979810252984361,12.522417594989138,13.941051700909922,12.399076832731565,13.045131049950912,13.57720154364903,12.607042989333468,13.670584680040669,12.455462832649546,13.129027049144105,13.856448748906443,11.824946825106942,14.597000227769204,12.687370889385539,13.324641530116391,12.98093794127305,13.908943435152361,12.865512845118838,12.979428723057108,13.18914965530236,13.962192215522121,12.844879030187922,13.728268516262364,13.457183633645368,13.46729657610257,12.864655744036035,13.706647284825635,13.439896455009771,12.422751575907071,14.200836439927407,13.018826851447422,12.321207874615984,13.161165209611253,13.561678139170004,11.835202195247017,13.00205245574315,12.502666433056193,12.459664028485617,11.402227267225589,12.232573103507361,10.970544355710356,10.987256444295255,10.999435162146897,10.271689018805837,10.642007957895608,10.060427473982191,10.52438347478709,10.785005808671324,10.366201879580832,10.656634878118846,11.89508516867956,11.114565004309027,11.140004063447323,11.964776666363084,11.740959738095604,12.229337451060612,11.614363503654802,13.041724752386406,12.010626748402915,12.478168550928434,13.17679541846116,12.046034199794136,12.520455011924104,13.236973710854842,12.180627724130948,12.330333764155705,13.292855190833404,13.081497960885363,12.375350589354833,12.813762395580607,13.103333562811212,12.028447745045028,13.615067603786779,12.797571323712663,12.454206814368565,12.717529727419214,13.56793861349423,12.726257190306978,12.479903230269748,13.424916858871773,13.07761421759923,12.037255992492042,13.933171135981867,12.522861435015995,13.18196809669335,12.699594719608621,13.691882852514574,12.671374896367388,13.078320404489832,13.603965987165761,12.51446166594823,13.59202770551045,12.808141913016634,13.463953970869374,13.27398529907067,12.990611762603118,13.224893663128212,13.622403494318318,12.75056827207406,13.837274384697269,12.953241667946177,12.63272356768449,13.904707205494237,12.912189493377998,13.640350485046698,12.816073525150614,12.610212131341298,13.91936793824036,12.008435989220938,12.800098690589266,12.895510038336115,11.91730188806852,12.641127375562984,12.310126118262609,11.78340142031511,12.261071577270824,12.058493695457777,12.411735107501347,12.310284943779308,11.70250781198343,13.169180942972496,11.99117319663366,13.01423829933007,12.297154435714084,12.390152853329973,13.446059131820991,12.146027922232944,14.444276401599236,11.52092195888361,13.807891602714848,13.019343070586517,12.763072633345919,13.109868498047188,13.52579970498879,12.321522651513417,13.179521532853439,13.356118041475609,13.614719498952223,12.332881625493366,13.652229730089498,13.461056543787313,12.897527652581532,13.947062856157611,12.751233182748159,13.755426848729442,12.672262263496714,13.78062809129555,13.076778858502703,13.079761193593338,13.519407772024465,13.096052614649134,12.780865142544108,13.408487757643059,13.409425423940014,13.362079822619751,12.851407242616014,13.734098543723416,12.885974580844241,12.115106080373128,14.491525896986316,11.776889810760819,13.00604500552018,12.64314505179723,12.823300968011216,12.063213052948317,10.77509415348372,12.298166814049086,11.028104102214186,10.71023381014666,11.526435730655994,10.048387922247267,11.225661965807285,10.259879780610417,11.322094027002658,11.420075038870182,10.736394825776431,12.22526237388452,12.221953520377479,10.947400601108876,13.063600484927493,11.698580278952921,12.348595389326414,12.2690042390426,13.478436531027153,11.678022791345915,12.872451237638787,12.237370295127231,12.789933550556498,12.585713289578752,12.43702253301938,13.746624699433637,11.512906021674478,13.19690053780873,13.28550476511319,12.103443827231724,13.03207634468873,12.499517495830853,12.817520714600878,12.641910782655078,13.136624751289682,12.992830279668167,12.30782296737035,13.126176093419387,12.587516093452768,13.24812106271584,12.332375724514327,13.378319958647085,12.883447350462273,12.197811969717344,12.907100249131517,13.474979923566174,12.731830136378603,12.820703039964037,13.723218268354724,12.41952632864316,13.616978985269856,12.357189789613088,13.90096366306145,12.446247549851732,14.016012848814318,12.600547283490496,13.476743043859795,13.063215054472282,13.446671897371603,12.625163839062052,13.303163230617836,13.192756381829575,12.943614762028053,12.872534376581505,12.73090681215127,14.244323158462832,12.330827759703,13.153873680432632,13.107569477160766,12.223876345952352,13.1969519384702,12.91512204666932,11.827973215778673,12.668155612548189,12.19387374361356,13.173775986631705,11.63906718095144,12.411861767967538,12.732896736462909,11.598197958668077,12.890063511331872,12.00303813358148,13.059428472717597,11.733365103205047,13.664972595175099,12.48445469578107,12.355052294929822,13.547529611190152,12.964955510099724,11.925694768627487,13.933496613105127,12.342495452364284,13.562255433400464,12.446512624820073,13.239255305727317,13.68557047625382,12.191588031848271,14.064357513387987,12.675880889495213,12.879549489816027,13.232850999434783,12.679187473257379,14.389718594153713,11.78551490624746,14.021316691239665,13.10295421858628,12.436383496125536,14.21804829498131,12.348388509949048,13.539699850877119,12.89342503448327,13.589274113376927,13.214296175440147,12.98044575174649,13.271092304189995,13.274011402328801,12.531393809517224,13.082538617451979,13.39870948394139,12.705982829531031,12.625212034781772,12.489386424620946,12.757171693642931,11.854665027459465,12.12475475271543,11.383629158337914,11.682007855971658,10.508169852097842,11.98572019716104,10.724767245252936,10.430861137111997,11.498383865555132,11.116634425123541,10.801186779936163,11.917240570982301,12.001192282040915,11.73866859753927,13.082717913587885,12.124546382029854,13.107729180057838,12.278672392567,12.549225530227025,13.156466698249176,11.972549334367118,13.382827561100317,12.214837509592376,13.161289301117256,12.59507185836633,13.130058471759154,12.673687383731206,12.123572854598365,13.563471454580617,12.71654338677724,12.070968865950901,13.49192375381787,12.605747167070703,12.436600511272747,12.868591463168459,13.282495533426598,11.983973380525908,13.101465953191116,12.7978606369098,13.514115788539245,12.302338768442471,13.258131321867301,13.360631640156106,12.867564398248987,12.199569779833157,14.195798447330782,12.520145452817278,12.91869143982728,13.444380313952756,13.01343214531739,12.202202200492222,14.579586572845765,11.983477431138358,13.188400340874985,13.043465880950286,13.431937426527334,13.357591823538138,12.663671652873354,12.97289727767308,13.114380861719445,13.399552518328026,12.50947524031003,13.915336361726117,11.936010809143387,13.47881381471951,13.405463215907407,12.646658948262532,12.916133450468376,13.191570455630615,12.70498871405919,12.510884584387142,13.258542308410004,12.109720333417258,12.812922799785929,11.821362905701005,13.178262886007621,11.701896186073625,12.900946828921631,11.604179216821992,12.983294488986328,11.894630191524827,12.315703114469846,12.127101089557016,13.003645940025642,11.687732213934268,13.323838718136145,12.394064460595448,12.480752083261805,13.046272686322528,12.61286315520604,12.820518030722933,12.404102595647176,12.629367664655046,12.203346312840779,12.89746257682641,12.50173627456029,12.852887906034784,12.181562665899595,14.087857511242218,11.847288220127425,12.974693925579384,12.522031362255412,13.511944560011221,12.451844202478723,12.5258919074138,13.92489347477753,12.305420465071993,12.985588849981623,13.531897465785335,12.556039038499193,12.691726405223207,13.53285647173722,12.612030477722483,12.83538676639398,12.52103984137376,13.954485765894244,12.361346169908844,12.58739820321401,12.998554701407745,13.044645925362902,12.625275736053782,12.977539088328676,12.773338166077927,12.395456927617392,13.035902112921073,12.87552689393361,12.9420630433162,12.906058257420854,13.14988351543744,13.075493385990457,13.019265170296025,13.16685109635194,13.299149653514219,12.794795624216395,12.928336633642509,12.89626567204793,12.982896335323646,12.364937662680946,14.056924436887096,12.06592726190885,13.417643628319096,12.622648092706998,13.188267756899192,12.680740663011866,13.139927662213639,12.31041667719682,13.62957511564095,12.5458569308122,13.29517068107922,12.808674057324724,12.894624655445414,12.745653830965358,13.53985842784245,12.739462722738581,13.183631429870918,12.95713309605916,13.191048095424964,12.658293667634327,13.771298561294866,12.401190217932065,13.553638264139487,12.849290373524028,13.347824578483891,12.418694261511167,13.584536774357153,12.499064197738962,14.093741402228666,11.989308690627418,14.686994178493805,12.23738431652387,13.018489598234492,13.075406949718788,13.410389690001798,12.39905350824197,13.543103034098936,13.551720721920326,12.866265869339305,13.245615686972933,13.04728701670964,12.739967174728708,13.2220628251632,12.941061991055804,13.572503502567601,12.931021473606425,12.976045450766879,13.381819005211186,13.140594245394066,12.819850712617235,13.53676187892754,12.940120269854859,12.757535035808878,13.19596158822377,13.448746700485541,12.712568788727122,12.645800189574556,13.621336155732465,12.352273195584614,13.24898657103379,12.293101127346356,13.775194059809042,12.079326161940894,12.729980081518487,13.681915646990133,11.73368611355623,13.781291239460302,12.605260176261263,12.981143376429873,13.051107249458626,12.563254093726476,13.621452502210927,12.458495149811109,12.833490097721414,13.278311980565384,12.12686989148458,13.340573368271187,12.451314040621119,13.116977513631179,12.882720329960184,12.251940590341885,14.110845103462527,11.60752841909727,13.571959948738408,13.205876316626862,12.0937600483497,13.367373111446692,12.464362131555871,13.305644405682878,12.084649651845298,13.861672918399167,12.597978850801786,12.486461429794629,13.260256017645196,13.65528341253598,12.347924046119054,13.566372191508606,12.705959413250284,12.730394422610598,12.79534073193868,12.919743847449615,13.801750907500578,12.171528920729955,13.52825470467408,12.655885604222613,12.80262151320775,13.004455992182091,12.979661624034243,13.16248723407586,12.44010209639867,13.122012796004608,13.252509326537444,11.978539129694306,13.990239004095386,12.416889324386913,12.73959174354871,13.5645619859298,12.530866035421688,13.491744658549619,12.370295734604198,12.799808215101557,13.66859932680924,11.82547118385633,14.472916763027497,11.970536795457205,13.654701284368825,12.655765052636463,13.389309320052456,13.063213388522461,12.651549645860987,13.595371104677511,12.744627022941904,12.576063212951023,13.053337590893106,12.819807347853974,12.848851884206134,12.9074706830581,12.699062523444493,13.051288970907525,12.043397813638055,13.36805582125981,12.871313308080035,12.258778588970504,13.067015058000877,13.123188650210693,12.099769776066143,13.661768474777531,12.570422293742498,13.181436172922448,12.943207264145212,13.158666489322977,12.343085222442944,13.009920116861656,13.471718505819632,12.34793305238088,13.100428445537881,12.278952927788097,13.642531369527173,12.337201897104581,12.492494299014409,13.208806374867752,13.080412225325897,12.511411744554836,13.457736355861021,12.787228595813112,12.91914640386899,13.211445489128426,13.078118795355156,12.88225138445695,13.078644989927607,12.647911827166872,13.701750080188111,12.20250095506509,13.496002717216802,12.382972805102666,13.966480300625156,11.835922246774041,14.448385925491639,11.786866148908937,13.43913619001706,12.596868829925851,12.94238015492757,13.005123638709383,12.658917948206264,13.277056976755455,12.57880626519521,12.59054035504659,13.734945785601926,12.313893945415813,13.425594731171923,12.855759713848428,13.128731715877848,12.970896080931025,13.430432262023285,12.59318792839845,13.00462094624837,13.04725389977296,13.841506032546354,12.129211387236914,13.460366204579664,12.509925388296445,13.130858285029724,13.229262532194452,12.68942374606927,13.790640205939603,12.075241608818374,14.082939551671336,12.73598257799943,12.462062859137852,13.878174753983808,12.483361676534017,13.582801310022665,12.676192461450894,13.377665472229314,13.569936179717374,12.086963052352273,13.777775708635641,13.213490924437835,13.374431442817047,12.252422130306563,13.430345759590459,13.63713408370812,12.412609206636747,13.827638780673338,12.204370840390524,13.54372777720292,12.946201690634089,13.09117183943589,13.243678596218421,12.445675847133,14.22284372707207,12.648368125160532,12.112991883953415,14.411925947268793,13.0761482878526,12.24913805147012,14.218336212833712,12.591779397924737,13.332989528377846,12.939094293912248,12.790238977869347,13.759243896206213,12.42277266939481,13.612869641383481,13.463032434781388,12.462934557994204,14.038337643345189,13.065175121029213,13.589881698091817,12.707864716847734,13.057793218692138,14.028477438290905,12.444880403478937,13.16269847651322,14.067523976763079,11.78456003626188,13.84620358546574,13.074101043542221,12.795382751425104,12.761596894462901,13.296816748579339,13.418666384418797,12.802991953094796,13.369663639863324,13.358031537135435,12.962378757198646,13.24990976830323,13.233979109128311,13.194427939852073,12.490847799380619,14.090570946534465,13.272473604877785,12.709556400378542,13.57462387164433,13.112557495435073,13.070456474622086,13.435001193483664,13.282697209318474,13.751483631332707,12.78197468479474,14.048009019692731,13.293661506374669,12.257895554502804,14.83534313937027,12.279996277888616,13.991502622564626,13.121784841020897,12.926876280506448,14.409082737763713,11.689837837417924,15.046069904168432,12.746442781289415,13.008740260799723,14.111296298702547,13.33543927987416,13.591971513231588,12.806151409943896,14.08388638039429,13.157362135847404,12.618928557833035,14.365320311983414,12.687936850388843,13.196449632247283,13.275692252715423,13.337498647769285,13.671771760185555,13.006345491607979,13.631971823175743,13.308538640936208,13.408272279103594,12.859230075081186,14.156757058103869,13.357696296771362,12.244652423461277,14.708214832742996,11.97448620696863,14.796795112689324,12.614657058318455,13.676725307901693,13.303713794549301,13.82321789165337,13.374446766575172,12.946456904013946,13.726534977753952,13.90188884039719,12.705487627585725,13.867135613163303,13.604114079078034,13.145343780716253,13.531738836963964,13.63774480422337,13.225358395775157,13.01141460915406,13.591777492960286,13.373986355264977,13.093502135475472,12.983715989788369,14.132375234564133,12.592552816470464,13.25724451621373,12.841577909787492,13.59106433649857,12.860954954822855,13.892882303794217,12.976151179869964,12.811904788811999,13.337596531709028,14.180035456021617,12.480612318714458,13.90516941746075,13.12068664570649,13.542575432260824,12.719512605269747,14.373302061756442,12.551633965571718,12.473060039480526,12.968023660381629,13.076977687676742,13.070399993260697,11.987948108514153,14.097434316476177,12.73051200052102,13.282357096274689,13.462149060567212,13.150111041267708,13.386866609652833,12.955158903797463,13.990090596874545,13.54309389193852,12.502620634039243,14.446900913317984,12.947693712910013,13.31385641773541,13.43982286592324,13.230747794111565,13.844924628933263,12.908198344906168,13.839505127867055,13.53992727537949,12.348464932640395,14.485545352896043,12.64853968699773,12.672697653969129,14.343416979511566,12.23052688320478,13.84620350857575,13.265947131713226,12.790748648842174,13.55233899613221,12.90549256702264,13.859526810248685,13.357338671882939,12.70247848590215,13.96608796377976,13.248209001620605,12.78766065438588,13.858295778234794,12.577202577193574,14.598744307955094,12.232631119688351,14.573589651783296,13.054964131315543,12.836836562951403,14.441266308625528,12.615612353881197,13.422182766397789,12.823237269123393,14.352859956224748,12.525542314847309,13.79264129181702,12.946974504192665,13.432000121076895,13.394804381926846,13.116250787576034,13.51834325452645,13.662716850241019,12.66611312409242,14.37040247639019,12.382213907440503,13.810503406723335,13.381421314676595,12.740396077831583,13.530840029915167,12.803136654098825,13.748681503136945,12.986660310824707,12.530251638491947,14.721999523838349,12.364435033400852,13.248430814345673,13.631210221846889,12.428296195467313,13.692283721764875,12.811376635630925,13.408092831571892,12.790621957381564,13.204620485504465,12.973217775424317,13.772743161519362,12.47820279320081,14.337293284734079,12.721323346694307,13.192410233815508,13.563559276660277,13.143041695555048,13.416460170348477,13.131755796273545,13.411528329451874,13.64559386511643,12.912118123372393,14.201089568336792,12.937741429408389,13.05972277124722,14.099465806086847,12.585339597662287,14.146357801755258,13.122122323115661,13.438267471392942,13.167914316256837,13.131451261242226,13.218826871712997,13.489995544155434,12.69579600771268,14.725269189675636,12.032671080430351,13.68136884768803,13.37532064100106,13.093065870006871,13.224954658945398,13.753052526911093,13.494095890124632,13.023001430233316,12.965008259018257,13.11199425776799,13.319691261251764,13.36317341466744,13.118360845645265,13.513183031876876,12.78903308411439,13.405362543066337,13.229069709380463,13.737925032575916,12.94711525996526,13.169300772746398,13.551746012171101,12.91718902190526,13.2376863904794,13.15146558006604,14.226102948387451,11.999401709636054,14.462209420998882,12.58144807120164,13.512545111378028,12.94051581939061,13.682400779922796,12.70538795193036,13.993698266347241,13.051261391838386,13.38604124029477,13.556069358189895,12.664240061243373,13.47699738045533,13.64212402244408,12.785061050852137,13.324482553203895,13.086151609619453,13.154376638134318,13.456263539393735,13.64103696604569,11.760567603309951,14.402885439594575,12.662576800187425,13.345532018740967,13.082227197488145,13.329901750286412,13.449712518056229,12.506916812260945,14.922270896037405,12.009806119402251,13.77323454042275,12.72315350671609,14.070540715654682,12.295691958864529,14.463747787674258,12.480064778526621,13.893890527089429,12.830089906652766,13.758929410179448,12.829475218256311,12.725958241422967,14.245064709981273,12.68572758277257,12.76513573189576,13.748892623980833,12.923841420014694,13.490654911001515,12.672944220503169,13.844421795209241,12.45550436635812,13.905269723733259,12.757583178480463,14.35049084385235,11.734036295612658,14.684907133181877,12.194384231766064,12.945227268536883,13.018549902637794,12.958004352053,12.971781742771464,13.450275232394528,13.00910997052987,13.275284239252404,12.990107874472933,13.937859007318805,12.807164904077844,12.76659122188886,13.855016808708502,12.937222122748688,13.604954527219132,12.951801883776977,13.084076228936508,14.508845737775157,12.498891409834226,13.916366622646642,12.445162091453867,13.105097802480056,13.656425481637312,13.491890585621192,13.388253493507696,13.270743075211838,13.089555867513015,14.045751020510982,12.814403965075808,13.48033300538857,13.031990215380983,13.16203828295071,12.986850268443423,13.945233581264802,12.829774176081019,13.50216206987698,12.958670380910233,13.992341604431463,12.387319806416828,13.2656257512172,13.608405682643246,12.85361691554387,13.018459594448402,13.626881727178887,12.751479059060411,12.604040010174115,13.720406515200922,12.833298583825426,13.450535155733421,13.26587444265683,13.419724329908684,12.562191831668216,13.604883494575812,12.933121921022728,13.189950349529578,12.968499460419016,13.147722646792724,13.968525126179053,12.784703236420945,12.974461768468215,13.60628989239533,13.118973142107322,13.462140565117195,13.054847159584359,12.68462156554063,12.91263530214627,13.4417564245065,12.992165625294044,12.944763652284937,14.119000202616046,12.523364967306454,13.854054689606023,12.875491450627642,13.501419857939078,13.050664003690079,12.906638622482614,13.41836154599984,13.678372344573331,12.66524985571702,13.746251497467352,13.069616005023315,12.978252674539881,13.590263259609532,13.125908159812289,13.22975581188996,12.9156181760629,13.547330296238256,12.994405241807298,12.591091218789416,13.561691523392987,13.068351070483521,12.5208738197883,13.778008960684131,12.518728768428167,13.617967872818303,13.206488562424973,13.368539167245222,13.496646037896468,12.298388648827872,13.90242638250191,12.921670122345285,13.118641623457268,12.621173613866167,14.064253568251917,12.942327961524322,12.511601671775182,13.187869456013038,14.129783141215633,12.947990662058192,12.905639265974358,13.64218155582745,12.519010817011196,13.744788820346189,13.057284460862473,12.627306387623149,13.932461246450732,13.153324999411895,13.228029917081193,12.941676543553667,14.036375421484303,12.3677531315883,14.036758371790242,12.503479640682535,14.133414871891327,12.43231526752313,13.599916837414098,13.22560182233651,13.355326677759484,12.621294281681378,13.050871372421579,13.843974993427587,12.619178559382755,13.602597581942868,13.842921509345363,12.180929215153057,13.417276567419364,13.43790261824925,13.419066425164536,12.708363834222155,13.311501206954315,13.674529003699613,12.261638862689338,13.856109760602305,13.515435490806892,12.782085013588267,13.417366408904389,12.94351757784684,13.856687842806172,12.246022421916328,13.652254774173093,13.419943731029823,12.979715442260103,13.411077801187828,13.273187555869415,13.057645290096595,13.002338178356483,13.979113820393872,12.640780518253644,13.625773392518354,12.85629232784112,14.101672654946638,12.19471013267835,13.490754735668492,13.51494612594445,12.473011853297551,13.517818205555274,13.238675696452454,13.449196000297857,12.891246533592536,13.089680423339205,13.668026628692935,12.844441821773843,13.53080212136109,13.302015927632645,12.540196702678998,14.01556445380051,12.897463944753008,14.017621523340534,12.41540961285432,13.608164454301193,13.832839762767145,12.589093878467876,14.104173711140941,12.316421234210331,13.589598714907957,12.874804941614464,13.587796074946716,13.464515214761091,12.800363823970155,13.24595723231633,13.7936129327615,12.900039124091464,13.980374332865066,12.252055229147274,13.459800188144042,13.474003517826391,12.552053204973538,14.354093227585146,12.353600816329319,14.550498098333664,12.630141262014707,12.891330295403796,13.315348853667572,13.356747626264882,12.527298606832822,13.99138700326283,12.586159250338872,13.810035702784846,12.750193383892373,13.661959215601279,12.999599649508788,13.108539336522416,12.925463662346202,13.622526091535878,12.69170260985692,13.584952832063033,12.200490483840309,14.078404551943134,12.796081046064694,13.752257879575083,13.321688572963074,12.392364554007848,13.699008181889845,13.206472323139502,13.056867686112719,13.689948319395375,12.70020281453927,13.812872361739469,12.481425777872401,13.863840747674299,12.74896260400613,13.599771754940344,12.835684593518572,13.442009871800733,13.92135461350281,12.346047292550406,13.75626446445782,13.246770510276155,12.941173933943107,13.19297046800454,13.275365228255584,13.315970010956123,12.773990406592684,13.213280424078302,13.513615784247708,12.624897146423656,13.198073117931678,13.52480336149533,12.934540299375847,13.6893946947654,13.206725465257957,12.801135800083475,13.862335252960513,13.184766786297157,12.629889356692631,13.635522934397054,12.985585010250404,13.073981043299035,13.45121701975663,13.436225635608032,13.105852886041,12.830808278520898,13.618016358812643,12.929751891692476,12.761810201009112,13.976686582167936,12.482663606007891,14.063962635596583,12.960460567076996,12.925527022679644,13.968862812717745,12.351046481331188,13.432760470112157,13.435541907151533,13.584962027867629,12.66991591652234,13.89483051558335,13.147586565812423,13.000165369709327,12.982895346482591,13.485080466469121,13.377259867389991,12.813813975652057,14.201305974324532,12.898003618915872,12.804489898284274,13.933980514009786,12.543951506217319,13.27605994304021,12.610918069084484,14.061489404042552,12.324652900894485,13.144226842721295,13.54649964054425,12.74569151540597,13.043549731572464,13.917721668084456,12.67841559787591,12.696002289851503,13.742258271773649,12.794310903747874,13.545451625188186,12.456584102114041,13.984773471554114,12.232600550850234,14.11795411666233,12.728545003732043,13.86161820193131,12.434462307890255,13.681184377272917,12.894787749250725,12.910935501058894,12.785785420735671,13.305703156789141,13.308260365923239,13.176749257644014,12.883689795335128,12.903041578133898,13.334631347258881,13.469304475386929,12.528376116951305,13.818474374612162,12.582332078417142,13.234674875338865,12.96915867110093,12.793695338567096,13.171331950624781,13.283886549671486,12.589535932143527,13.074905275901154,13.095208327372864,13.167425313790634,12.727724965413408,13.908590769966434,12.337883087595303,13.354650806983305,12.77299848516782,13.700695157845805,12.355366887052853,13.707466634710622,12.947638183434801,12.950057403047877,13.245697365601853,13.299059763153391,12.615804140170413,13.845564600427936,12.803428819378214,13.210007455547645,12.79845470209916,13.8216985263427,13.176422169407203,13.419478573401763,12.451739353140194,14.291397293408702,13.032832557161644,13.117973138292625,13.55289865692456,13.551861158808064,12.297341408928235,13.973969472845386,13.450692243774725,12.411229478915532,13.42614499588807,12.970073720415428,13.311448747714355,12.900218227108317,12.952792249520616,13.622560563882184,12.511607114275293,13.669281418522194,13.267497337063148,12.511882112224896,13.538975505431486,13.50762450297673,13.055301339824986,13.266331984599429,12.332511691053707,14.345274161895103,12.873115630348522,12.84994884630044,13.775584420164419,12.385242584546406,13.573574413855862,13.620420093139005,12.29777373035749,14.158894272645306,12.35906483610471,14.14321863671143,12.246689670284589,13.311784465511634,13.262584755619361,12.376717645128567,14.35895090182621,12.830482302506761,12.823633140524223,13.548884366949395,12.797761273582774,13.864443704088522,12.789983291824656,13.63808931787808,13.175597504576041,12.898755647142723,13.275923707683877,13.695246262152983,12.478982160886128,13.715281973679856,12.633752152522401,13.773497021992993,13.291716354688003,12.71320158322652,13.667430182894064,12.69941197176774,13.575925027330708,12.877547641595202,13.879762348135305,12.186115901072819,14.217490706046412,12.671621207197504,12.67135418554147,13.327645506461456,13.193357501824691,13.539003166755036,12.549058855970697,14.203012888034175,12.85762497504552,13.09756185015042,13.365420597394301,13.133360750277832,12.94943295439084,13.69616815110047,13.19439487834771,12.646602868636446,13.63901570339997,13.059547949632003,13.428365724881484,13.158126416405036,13.075776969989137,13.720125224788974,12.48120581050714,13.172523576815918,13.74911143322785,12.44798731168111,13.222783771355942,13.285527593692136,13.686129056413963,13.139600925644233,12.320330518682796,14.539562363227198,11.818758358558023,14.061843491395306,12.976366551717117,12.195487960775695,14.26721641143162,12.581535318096478,13.649903277357414,13.00974607189496,13.227235692342116,13.106044837435082,13.264632920821503,13.33243857642014,13.217717840870217,12.511102563341458,13.636944236358,12.593533466657,13.41431393106778,13.209345153172805,13.196140820582706,12.986993321975069,13.10778714915116,13.226088978250816,13.752739693721129,12.614889842470484,13.306698794563607,13.779147494633982,12.257335011561711,14.020424413283658,12.602767381270723,13.642317296465233,13.004965542157485,12.733594297369319,14.312778161962818,12.486023144920663,13.139594235618905,13.944895385702441,12.73420630832513,13.366510534485176,13.49959924181302,12.911222063501674,13.11104304393132,12.987546050151186,12.928896101315813,13.828863528569531,12.01294131120046,14.161420304377863,12.567934134801225,12.955837304194763,13.604393676718068,13.324623233874634,13.166891734798746,12.69860722919305,13.895684889753651,12.574187212189038,13.182862323125198,13.78660140415032,13.108095470865562,13.238390199144677,13.383390069802596,13.09550947626431,12.891822947462396,13.57516209503014,12.771891073187186,13.966193462808919,12.500938509305318,13.518235340317084,13.241820101340606,12.713794281681375,13.609853080113721,12.587887985308964,13.661304120024038,12.678147176106767,13.995555746157955,12.719584676225978,12.839170637925463,14.482236271103211,12.416436280806858,13.418816874225929,12.754807273944216,13.7361194773515,12.683851369222003,13.16807238300641,14.025211101373026,12.537435708244638,13.180320924123125,13.211582518418625,13.157023773988083,12.802459153135615,13.57043521722157,13.231377244790389,13.051102947791414,13.482794427474335,12.919815345605212,13.188507815202072,12.773993031581242,13.398390920956922,13.13470540006955,13.456675625046088,12.776766324241953,13.964313879807783,12.461374284823732,13.384479115804032,13.686324796279266,12.999554466207817,12.542995639046033,14.609900048573799,12.469534049828848,13.45183627088864,13.197133286197973,13.25855051060517,13.394288524587944,12.629837734897931,13.800265739162755,12.99998503943284,12.271255151232083,13.990461201866458,12.69594744523366,12.86490533014138,13.625000165899587,12.63791177709897,13.138679551680877,12.865618540247281,13.136723512609795,13.264675540526703,12.54810582657655,13.593477566440894,13.057366140683486,12.331453159054119,14.38509152730305,12.617566637595495,13.14803572972615,13.34935921331246,12.829126340349513,13.283246668179824,12.908751048644381,13.080732747515038,13.558539464076354,12.481270487507183,14.164976054032635,12.344743315776189,13.074474972089126,12.880097555120786,13.117928801973655,12.793822183211642,12.883894926508265,13.969135682185483,11.878810373743379,14.240292215545962,11.885898966391885,14.175710672338791,12.16195200165113,13.687838176091505,13.000822573502855,12.606341450413067,13.501685391863182,12.79869985481103,13.531681739886594,12.001915110548339,14.54747268338997,12.11242884238561,13.541284062465024,12.65872690637906,13.504496986468626,12.447014644344646,12.72419132788976,13.243479934533433,12.356682556470233,13.148878874381378,12.53554801662763,13.081929779847458,12.711787708004312,12.770180249412851,13.09039765854676,12.801208961804708,13.008378985722855,12.611522194941836,13.17943984409173,12.443763553698856,13.784407515128446,12.579966269930203,13.109519639809921,12.559597543080647,14.371146094401665,12.041608059604961,13.43280742724736,13.010184149940804,13.007333104213076,12.979157452781992,13.150368424852683,13.270802751382185,12.780817016561823,12.972641642292336,13.537219227155044,12.63092020531495,12.82706319292386,13.25233582456906,13.3820080824693,12.614551561077432,13.15006359179814,13.422335408528639,12.53980219562848,13.170674746831253,13.671982776125265,12.634752666552862,12.807956203420954,13.137930789788559,13.388729720910383,13.000517419775324,12.832127589782075,13.269703221519784,13.047371406157806,13.11854726572831,13.044190098841982,12.699804101188974,13.291111409266785,12.625974762042363,12.498780303200085,13.408727010091141,12.364419813950855,13.77907568116982,12.194678698976833,13.684258387883496,12.870117623408632,12.808687131603556,13.404644693930939,13.02877295096715,13.351591674884155,12.257806790073712,14.301720951994248,12.062555410464604,13.37565608163674,13.075946508844687,13.552800258596731,12.425409301718075,13.350611793597533,13.477586820324255,12.540219077666599,12.883731479247405,13.595055906375242,12.52716257592042,13.47193716188271,12.529302961428959,13.679630775650333,12.742459423144657,12.726631271441775,13.297556139429405,12.774641035993891,12.714054486950236,13.3134789164861,13.48195698519547,12.59064185877641,13.006515599091843,12.974737604459124,13.065169090231256,12.570381264885265,13.693385867079092,12.30070668121179,13.376089710195854,12.62225842316945,13.951639118393253,12.17797518094381,13.389590644439057,13.342968985637022,12.262066921194396,13.760335411032033,12.490066620906193,13.392297460635497,11.910851838191352,13.931336973508191,12.25615676899751,13.1362524207433,12.74960533996423,13.188424867590264,12.498927965362865,12.670578140815095,13.328875951369596,12.812880338033038,12.815259748299914,13.35093083461125,12.927202134331061,12.631159140070276,13.450134495695425,13.14059614737828,12.924840935071304,12.988440947135286,13.26370624681313,12.567205190857251,13.248040564258886,12.845340708692866,13.087830310662582,12.830830618937807,13.09393794914086,12.958893106182414,12.744442563255625,12.960504303773241,13.23124590357144,12.568797693451245,12.967056921323135,13.48822974522908,12.60311245103677,13.482451128562284,13.204101724227264,12.856228670080498,13.140018574198082,12.600304069121679,13.464985002477956,13.053214827974635,12.560233443578081,13.2346125425895,13.010267211397485,12.846659817298251,13.057362102468806,12.991384745438888,13.352609254916503,11.920838592251144,13.545148919423413,12.794598526557284,12.106243325074518,13.325984929402662,12.655965072711306,12.575175119837125,12.784662901957827,13.341892224748925,12.300568754871685,13.120242398579911,12.873620321353272,13.70019169231255,12.317792912920318,13.4706987585624,12.956376028259593,12.603059181173641,13.458340446551633,12.68962815662225,12.578541326721506,13.144129753907519,13.148725363810852,12.359305403431255,13.555418775876355,12.307486055692037,13.578455558617904,12.335472250779471,13.320517777403188,12.930962584813432,12.426739003260927,13.463964313467338,12.107113318045936,14.002451257904362,12.033676582773529,13.807821747263265,12.605154485901195,12.741606592734653,13.403304415543866,12.832750547726945,13.135800185402228,12.5872916718324,13.695116645296407,12.252539877494176,13.61263283391793,12.526919925411539,12.861831025679903,13.221360436280563,12.583761406143504,13.602409482200933,12.403371442755061,13.375975228746727,12.739337730010345,13.214224007328347,12.52757440884908,13.570346768697096,12.338915017445881,12.621171120007832,13.227534185846642,12.756612810095149,12.288147370417912,13.427419079144789,12.741140487988787,12.843945821722345,12.498888811071714,13.044047763546304,12.925482192834213,12.82066155215104,13.046424766381579,12.87400656720002,12.560718007882436,13.392468275626493,12.720733196338015,13.31263504346211,12.678799472053845,13.496604516108823,12.235569718678791,13.770000781615568,11.963052632411323,13.760803885658575,12.128072573145232,12.912698832352953,12.775058281620339,13.390466852982833,12.59918825169404,13.192100747426345,12.585877019365626,13.512930808265997,12.350233942468957,14.183932099541016,12.077757212718327,13.875630933841064,12.819091358383492,12.903378144701316,13.29203711410363,12.636675710876782,13.66257655163605,12.521386480530103,13.56450199266274,12.744358769853907,13.06325417955716,13.46653715570767,12.496456988652547,13.455347109635664,13.125942815144853,12.437788300116853,13.636648715337111,12.949775060017899,12.761032418211299,13.998906194766352,12.336392638285954,13.295893498857811,13.765719984372447,12.863557184537251,13.147662551601723,13.475761067469909,13.179395492275551,13.09062152643998,13.391128003199888,13.13624811073144,13.507532183130577,12.91044070263703,14.017748207648587,12.526354271372158,12.601099605162938,13.267544741233184,13.281059346397713,12.283375581701597,13.108086047371224,13.05181732912858,13.181856281956032,12.2648545195659,14.247254145344089,12.03574511130651,13.242763734062507,13.304547365506485,12.929341081579523,13.19175785740216,12.860147099693613,13.972478919227909,12.381671412189801,13.040422600110368,13.470301750500992,12.826488576730089,13.17722640295823,13.048810649712875,13.136195036371543,13.113874234159784,13.022361343701675,13.255698618491488,13.219568140109372,12.897758147915203,13.277350157101942,12.605036516388257,14.085818140109371,12.215689580043158,14.702997072537729,11.426957939465844,14.013317384918519,13.153611787756281,13.016143790086105,13.46645208259423,12.879874810775116,14.118232658704112,12.388219587405523,13.150397874315574,13.64902434607346,12.297860549290974,14.43689088900883,12.595725790460902,13.050381336410837,13.545291623671842,13.631666490038228,12.825655054648713,12.982414105733232,13.466818358500793,12.922398134072619,12.362872210343678,13.4077891310056,12.730862384637193,12.76209397812684,12.48700280090173,13.202955059607818,11.89332618435224,12.281484965284665,13.348544897039723,11.109720187385886,13.590605501731229,11.570470837553346,12.897002963622407,12.475376019080478,12.941580542524651,12.606726725896198,12.303474296530087,13.218443417151764,12.224841405948006,13.739418240984273,12.319571633537612,13.316918282707526,12.758703475197153,12.685587921937303,13.245449422200517,13.35257615645726,12.978637204368907,12.879925833543139,13.027425489624338,13.5578993632396,12.431312486131985,13.320795961817101,12.826412323315935,13.204939434130981,12.696778383453687,13.48314556082089,12.355580676992734,13.939972639282537,12.104030744632084,14.222928682764362,11.914057364066444,13.705979691346478,13.28463414927323,12.939649176200227,12.854417975147562,13.776364456613852,12.761596778233843,12.536728326876958,13.419640643199282,12.96534507532914,13.192392907341318,12.55486424942811,13.536867397626235,12.751035748322801,13.025361692508058,13.789852687915156,12.15893036623796,13.465579640467956,13.151170377333953,13.080111047824222,12.887572683294609,12.836686002214746,13.676380614837003,12.188755082090697,13.448887351950003,13.406974328358963,12.595001868208247,13.27621165176232,13.205934341152505,12.679164242943125,13.116897654732064,12.76369366486867,13.154261077841118,12.57324237724145,12.760899630387621,12.8211369707187,12.72164233823617,12.363339793284734,12.500166967709859,13.5826107152303,11.688431173165643,14.027429987986872,12.093889327843986,13.44236544688542,13.02674834390481,12.873178062637644,13.472477812369657,11.843807516296708,14.424443345864601,12.052287498315177,12.627352673610051,13.46460233529408,12.348242158492406,13.37904638429482,12.16953406830629,14.229493054946253,11.990468206008277,12.597727851470314,14.075365880330393,12.402275571425754,12.86791261275609,13.144537594517066,12.513120081027347,13.133638467391327,12.724358282883962,13.680503117044758,12.927748462160425,12.945197550257044,13.887527939279865,12.036470865805946,12.765782776673632,13.32107187767823,12.767773542602853,13.39100708683331,12.428793200453121,13.762837095459293,12.52254790564378,12.818443110187845,13.504201021393133,13.022751532395676,12.986066643198328,12.843103428681687,13.382546591957405,12.209249878724416,13.415051980217292,12.269372784694035,13.648320278127981,12.271021955211959,13.277942017515494,12.864192858537034,12.862536257704098,13.016172514160472,13.113421364625289,12.629411964615185,13.174655770262078,12.665158139069872,13.048702984650925,13.01144250830014,12.910474018653229,13.44786938210328,12.76774649639924,12.547976141174633,14.304387694795917,12.189526542027792,13.04658903439839,13.325928101142242,12.551875801285105,12.998903740247085,13.536453576286629,12.444303236206371,13.031667750676469,12.158616674741111,14.599498641689607,11.330809609492626,13.630298605759931,13.144358645876244,12.53546012600263,13.593773125608754,12.627544161279992,13.168015279372527,12.971574127872781,13.726433677872015,12.83244827111562,13.044678856929139,13.827019018133473,12.30387326379617,14.239412292440722,11.891450669368112,13.511356766422582,13.446457581718757,12.310688656767208,13.329955615599944,13.201344447930648,12.565546962817509,13.775845142801595,12.775571551521615,12.950463606317832,13.266538160641986,13.08702003260453,13.391035680373504,12.356753838260968,13.776918922861409,13.085725124677017,12.733430817921953,13.170687114198998,12.9908693387111,13.60772619624932,12.243015378316242,13.577470852931334,13.502972175677609,12.19711021443208,13.69770126839478,12.91639908512433,13.237851379116371,12.523004791339238,14.0762000431617,12.417324236234029,14.398995981415103,11.941855044563614,14.772063215573617,12.355611573060354,13.289135999878242,13.19834621747334,12.772341543038685,13.316444221933677,13.131019946535424,13.166168342431382,12.68690277000268,13.76065736134846,13.125599138339355,13.030411918958025,12.417935997446378,14.736345667441674,11.703002010782564,13.273297683795288,13.733172477086377,12.22381888886293,13.782562083800626,12.385739099582036,13.764534651239705,13.184650272925689,12.555006032784776,14.386293325622866,12.410754387577374,12.75740499814351,14.23995640595753,12.111193810900051,13.48708492060502,12.987401685317352,13.477957568367318,12.768931968410806,12.881663065155342,14.106082757910082,12.505872161587076,13.708709726532293,12.83171241601308,12.948746977051096,13.706743543346715,12.542479601105054,13.651020702918363,12.897493390043573,13.574634944995239,12.926774871548014,12.831902854045229,13.598130134542778,12.643028178413706,14.38407462020714,12.065189623435339,14.248698386152576,12.776098996003464,12.912767582138377,13.633698168595622,12.57448595960935,13.20807243128617,12.882339117725687,13.93974479397137,12.417817990978557,13.501055306394887,12.940566607912377,13.910079413851095,12.836910517414406,13.520272564490629,13.185994278391199,13.14302345057328,12.766199699242907,14.178862084348987,12.819486208756762,12.710293998320894,14.345993705590553,12.765388127764066,13.55571873446305,13.115469107826549,13.787356470425914,12.184380812247596,13.77272752126057,13.378438589771584,13.055075414379434,12.373896045287449,13.775523201425862,12.846180260380105,13.020817566712694,13.16937285145123,13.789692901571586,11.844238588412605,14.480764140089342,12.191366046269737,14.236505142649005,11.919619463880858,14.71311922510464,12.317776902516682,12.922824120124176,14.1222983821233,12.697424329121905,12.890434681971865,13.24789305826028,13.826134510835002,12.412072968085607,13.264851792057351,13.29855025192101,13.29889648576577,12.639024924238521,13.749640445907904,12.667689869006471,13.013830740650489,13.1515185846885,13.625831012924504,12.772818120916682,12.845506313641863,13.529110828836751,13.555548002322507,12.696040424307185,13.200968399246529,13.27123296340306,13.26380329449971,13.02704186280568,12.943662021358804,13.504349605639767,12.764974402387933,14.080626278718302,12.167156748374303,14.042455386122061,12.520117542346316,13.83180959482987,12.912253958781557,12.943324243625002,13.597403691013648,12.782289630373317,12.857881910999613,13.535157411297154,13.363560527761772,12.427703687151272,13.82608388264973,12.623548088868459,13.218007893760994,13.495654552777602,13.243436819513633,13.309450764258695,12.938638507326441,13.16273742695649,13.099113704164818,13.045836374362306,13.900911678274465,12.678017325003939,13.2050930639108,13.650630619128538,13.062073204119995,13.500107123454406,13.07597268601258,12.892494685848554,13.978974232872318,12.333501002391179,14.017027216156317,13.339374053676915,12.612738413413362,13.588910822470977,13.56839026351769,12.734682212074597,13.217672443588569,13.276851661403969,13.342710284789398,13.453389190634084,12.935990076263742,13.580333616932226,12.83655038019021,12.915728069146471,13.875391351183247,13.056059819062545,12.345402400096257,14.10779912432034,12.592369405229883,13.630575233896568,12.922181220253304,13.831153800686193,12.176329592068992,13.941446529229474,13.436921915610625,12.998171646197633,12.392452808221181,14.006364170511553,12.940993867715195,13.368221680720643,12.91677110989888,13.464717255433392,12.797406193216641,13.425575000246358,13.140755707820254,12.81946888407071,13.51293326934178,13.388711229761435,13.194711011250808,13.132736994822814,13.423220833142594,13.159136894543957,13.016680871446924,13.36105628450711,13.084982013305023,12.917343647082644,13.583759430845571,13.020270456274345,13.478311243851971,12.4110418399175,14.305814974506687,12.51030989249547,12.850820238192874,13.110734510024383,13.59770352860291,13.112272870739297,12.749700731237727,13.524057382543875,13.130115320881202,13.799805836280179,12.698623380263646,13.682184820373843,12.66105623980363,13.666605918606114,12.651397370894749,14.035487598379444,12.856207776864366,12.999684028824165,13.227704325517013,12.838383386333781,13.447545665701222,13.21670857628186,13.190306292374924,13.356353678305938,13.317368310888604,13.464897556503606,13.352130068143202,12.895585510929422,13.874880740245173,12.55406603415807,14.167739962538073,12.49228446861108,13.331894949873282,13.526566554506612,12.64934061606725,14.278249327143023,12.31018004556497,14.253383727272341,12.51233588238557,12.646078383525209,13.835424290498088,13.384102849562955,13.529421505530667,12.943924026091889,13.105497778852776,13.848133613665889,12.921370824774103,13.786950596769643,13.085015971263244,12.813254986008005,13.629486655791593,12.827863956888514,12.859936145146683,13.15269777377446,13.190761939485862,13.126631245215728,12.941752412517863,13.404719786842659,12.754848063786822,13.182370594342544,13.092104206283881,13.795662350853279,12.607652472456296,13.50922100802262,13.156244312723475,12.738117255767184,13.690854123433423,12.40681130548318,14.036688018639875,12.563990216453867,14.133520773847888,12.914083698590591,12.67316228588422,12.987189696629837,13.910198933680844,12.740935061176614,12.991364023884135,13.758943194945644,12.416346018513043,13.391756877501798,13.278634486397102,12.802805373271303,13.787222634752585,13.048705209692317,13.113649547894788,14.248012703259777,11.80543751796087,15.087165216406172,11.751008939941729,13.779744802316024,13.343584267695737,13.308494768341378,12.947197606762247,13.213675087292984,12.810365572770433,13.901273488004994,12.468902165492375,13.392480011781052,13.812041985591243,11.820723519523943,14.482021789153405,12.261386029918988,13.316154511769607,12.63357419689496,14.067995394070934,12.534587127765018,13.140624010165528,13.550246339639022,13.451961456139875,12.520062567194302,13.910493098696064,12.590468961199122,13.199051506717995,13.070165648659067,14.01745576341946,12.821782593329747,12.72475711127122,13.665468732317283,13.00046986897786,12.88028618474801,12.912822542985275,12.272957896788917,11.815229987104738,11.897333415349328,11.828872385223708,11.669748878081643,11.636689047416056,12.465322796901066,12.301244279344877,12.286169849832854,12.956990035374956,13.216320272286728,12.013536744912466,14.11716133137543,12.407567486961682,11.991739591558776,14.168922143181156,12.011714200576147,14.508092715938874,12.084541403849919,13.614515707691503,12.604024298985797,12.921226206620531,13.635939368804289,13.032662659486132,13.497541632850957,12.744518572886783,12.768109890421231,14.087748069365809,12.414244992931685,13.016429276069,14.143241406877827,12.23965027352174,13.341467705567673,13.386235802372289,13.262077167232826,12.12696386655172,14.176893109877891,12.515992943843203,13.108318867286041,13.30657001515229,13.255335614283872,12.820969720681505,13.443492961128545,13.510806067784621,12.747311179240542,13.863106426795314,12.409459139307339,13.865634423693011,12.689411758383113,13.304946413834884,13.417592583497358,12.640079956253366,13.139305035670594,12.591530696948366,13.395008905728652,13.33133423705895,12.320771489938101,14.036056166489908,12.660423744519552,13.228673046429947,12.95666837652524,13.203071890075996,12.575246720512705,14.228627977569888,12.54174723704656,13.600226196249318,13.025503927667932,13.790613522728277,12.047535538872085,14.123913356264422,12.74925423403581,13.47019287248452,12.77376157303651,13.839212155540777,12.651120876868566,13.730843612154315,12.524749496181805,13.59090041657288,12.642110649545984,13.653264377911878,12.992100453575446,12.672381562789278,14.011380045016598,12.570884681542712,13.178488432963686,13.375420040686917,12.995143100221949,13.837775482137989,12.155988376339279,13.63174124379952,13.70844054122765,12.35920112689336,14.387831503351519,12.3265434696277,13.109695810874298,13.13043165703614,12.844520088632898,12.918867486913996,12.740003912051518,12.761182314952212,13.885969972213102,11.73620359261831,13.605653680165604,12.655300132830934,13.079868703683214,12.557142834862072,13.23631442268689,13.183307475646334,12.532356406648951,13.116749314268427,13.75691122730572,12.23632586677869,13.360769903262451,12.88576404054959,13.34238537748654,12.867406918605166,13.769833535154653,12.729395714004834,13.742142076690982,12.058787956436477,14.42344710310299,12.753681817849474,13.37555832167466,12.96290241380532,12.580811295708017,13.918998938401531,12.892538057168322,13.597536455591513,12.98919329722722,13.542126591404271,13.21343777199586,12.765569160183269,12.609796036084493,14.595754441817592,12.016587456663451,12.996468549569443,13.686205511291814,12.592269864877062,13.646789013942076,12.473041384418806,13.666972837050748,13.17006487747033,12.769628963073094,13.338925061424566,12.72516044338544,13.138682302435233,13.308442115982368,13.056495275696115,13.369863302906346,13.204731000860527,13.376652045448616,13.49267807801564,12.350830999811492,14.51827521105606,12.52967036863168,13.19615781327088,13.211228933533029,13.124215059479072,13.351822174390152,13.452315731843305,13.047987397511797,13.202366582353902,12.980024332602817,14.169106041391679,12.638812788923579,13.46699597915013,13.165552907188728,13.087556013067559,13.495298869808508,13.085884900291758,13.42369141538937,12.943367046316462,12.423012519677481,14.721882873972243,12.37003984351953,13.37153730352719,13.030628608067827,13.643644240101171,12.190914045770965,13.772148499091456,12.442314419945081,13.785871325333906,12.693021676739056,13.30051284929116,13.550021414359405,13.04268491407235,12.779891087611514,14.156056050260851,11.996453583439193,14.488632505138705,12.59921719809373,13.649083442886663,13.4755367364486,12.53571718653043,13.837784185608221,13.049702754219368,13.256558510859803,13.69272598286469,12.795843624075252,13.681383215387656,13.170165546735122,13.349614710410433,12.5966675021251,13.645439447959257,13.003462550838785,13.261837243636444,13.399339380462957,12.93328047772248,13.007439187367755,13.639831260641408,13.42984113355477,12.322635372479754,13.662997317512822,13.23974673112233,12.899190519650775,13.531867588957143,13.206642399032905,13.673899541099857,12.46238058288892,13.310872867306069,13.866030288537333,12.684890508254366,13.602351543505979,13.02481356223424,13.628762808044744,12.455668304761248,14.036494157512974,13.058814190228777,12.641666817267733,14.076755492885898,12.840695476730662,12.573137829502421,13.695311060150457,13.087282302578288,13.433927270968747,13.226429088314369,13.780828148921321,13.18081354876359,12.90028067787488,14.107280904849361,12.772560602029161,13.125572828849151,13.927962802847217,12.262203606565793,14.614523871739694,12.122882948120436,14.022485323150942,12.774802241524057,12.599862615664799,14.270226278503724,12.875363119443255,12.768722761472063,13.768586402138064,12.91189064880212,13.544191200931857,12.98278613110383,12.982633759578064,13.16555881162484,13.629686092933012,12.48236538072427,13.483610263665511,12.913800021608667,13.468070693810775,13.099774142702415,13.111713947852447,13.552855591376614,12.508533214529354,14.213196943004917,12.632277318437891,14.276273669203112,12.509957167108851,12.87423890729745,13.660696727832152,13.20040561874707,12.835091678102808,13.36565488715966,13.147405163248374,12.469826994140941,13.708878405888868,12.486637590130169,13.529701255758598,13.184373653133704,12.377894990642865,14.278890601595231,12.736053578456243,12.669189546902972,13.87481930156548,12.900767455895739,12.825177723368006,13.159284915526705,13.392756655414892,13.416392365296677,13.158060826261833,13.675325021346403,12.75032430430253,13.134922512372329,13.769576830466582,13.421366177399946,13.158950724204376,13.539711376031232,13.305313098033263,12.685834487279253,13.38266925712426,13.814076575835537,12.100096630652747,13.155688525040938,13.729631727536514,12.096528284152349,14.070216264923404,12.34530235071977,14.229700500567745,12.460835700829824,13.77800527294476,13.111527839501694,12.9128568782409,13.7272360219558,12.714802246888478,13.681466573079419,12.685386206110316,13.746806478102995,13.354560558398557,13.025233147342997,13.03096594770749,12.896238540013629,13.275954420169189,13.176065253814055,13.162717841466264,13.150187091430023,12.65660993595918,12.847059702475862,13.017246014078452,13.029123336871459,13.079584886034327,12.686360102494557,13.5017507358392,11.965912486513457,13.95701185365517
