8.400329949307865,8.436868114393814,8.442783053332619,8.196819651524216,8.647702833080341,8.327633438042046,8.968566305094077,8.973132477720878,8.835510746819576,8.81435948460517,8.231351364074886,9.492362078597445,7.19965775669707,9.822255180288714,8.205062160418981,8.755317368415794,7.960720245294885,8.316713073641672,8.011171109119111,8.555124333320796,8.181147353096545,8.626151587359287,7.606149568475464,8.219640538158506,8.157560749002723,8.474028737928398,7.871826658180596,8.90254275219669,7.741586509618589,8.147829522048115,8.537964919010786,8.076426083507627,9.378455818082815,7.240276888788983,9.118521887703475,8.63694699661029,8.084790987904796,9.720877136123972,7.762234155560526,9.080274836487746,8.466077423022737,8.342572986536338,8.887273287709482,8.255426064381986,8.425765910071,9.423084803490575,7.868764147725881,8.402881409578635,8.817468854819104,8.648908127729458,8.151638643226265,9.020715699067017,7.9630742329560755,8.876278870517066,8.189622683438152,8.508312803173117,8.75687347883047,8.140546167308143,9.361239548587848,7.9140485858047915,8.478420013358496,8.586348398129134,7.91515772142602,9.046117346679468,8.742986521601356,7.508447574527617,8.848308925569667,8.719635796469316,7.11992744820813,9.760010250026035,7.911856184864098,8.584963517102091,8.498299508995055,8.176803367535264,8.699050742044722,8.210155418310306,7.825796394296914,9.742392760209416,7.604110977106409,9.130604103008894,7.548568899082011,8.601553791907294,8.673616953796387,7.452811365099618,9.403456280628827,7.752095404543595,8.599850465666183,8.963401926915768,8.173986151606456,8.246350825211646,8.65017948334725,8.251838250130717,8.630698627410446,8.584424950550298,8.405312017366901,8.193113370807833,8.845935397065853,8.225982578196554,8.3438519801308,8.633841709084798,8.37421205416476,8.649358571923015,7.994633758470096,8.625461738537986,8.143228196101255,8.630534489552169,8.218278325968413,8.215954079536402,9.00718982688771,8.381858118018124,7.783794496478505,9.139279908097025,8.002032572668968,8.712074452314203,8.377625357592468,7.759992005272452,9.147393423935075,8.628089892320945,7.817737727159004,9.348120328832096,7.366011341999589,9.26343436043398,8.590112399044434,7.4171403016584545,9.162129694848929,8.223533336591586,7.567226742650374,9.248559890661065,7.658272592454831,9.378082219051805,8.576704892112552,7.867452218948545,9.120916748877292,7.937827820686303,8.579745854285223,8.217760669680613,8.578350675489432,8.28250429818561,8.658278756081117,8.572474231651661,8.219246383590304,8.241014988833719,8.681354005734114,8.553320390623984,8.425867026240242,8.905117849285393,7.7913035717109755,8.675390846206176,8.670832298194668,7.940153075122887,8.990199465678682,8.239401657987997,8.292955197272812,8.35721433348487,8.660412510797993,7.927299316340737,8.939281128790839,7.7902804211806425,8.473144819169915,8.928745534822024,8.087309483542718,8.904519885933635,8.091232608707303,8.927963594348778,8.6797726935769,7.78830216976658,8.844856062831035,8.140189272824976,8.439229417731976,8.425182018202408,8.469457051218477,8.422774529365503,8.676508413219501,7.982896552003601,9.249224171560867,8.29637065024114,7.511293109880443,9.741125513950038,7.882612771896328,8.514078339516795,8.25727708141008,9.152984672465038,8.141621079367265,8.021953303270653,8.842961841514322,8.343177079108223,9.042809903078389,8.616671437203564,8.34261435026302,7.856815874953748,8.96042118924824,7.969515085179971,8.874207322035595,8.491151253568619,8.63224231999056,8.759140428478508,8.14464130776002,8.411256409559078,8.500006725235522,8.664983007359927,8.329713307303988,8.44343944443544,8.812581712682718,7.716860140785567,9.372777380874986,7.276528301138114,9.207678273102879,8.177525427762099,8.39167702570246,8.75925506488574,8.343839912341586,8.359137451122503,8.643989951057968,8.270074766116828,8.196698782832042,8.451089442155004,8.942503642016078,8.230476811334169,8.137922817158193,9.282599221138891,7.653007548224792,9.037179530081325,8.203351178096288,8.78983021822912,7.904010317752441,8.694719824731958,8.777222122109174,8.093092794326743,9.14870816604854,8.359418198505097,7.832954065228494,9.339476784641532,8.209746553363889,8.319457677744008,7.4305100611519626,9.684830244981358,7.19267587944244,8.880950491797789,8.279103124534391,7.8021342829770015,9.698380735299226,7.096270422881153,9.1543347539349,8.22754552068343,7.942032360948303,8.530883869100352,7.843642317691501,9.55047652142121,7.480955696996916,9.534047809555181,7.803648262900914,8.434838622945039,8.809697974106907,7.208816954550947,9.81625247566649,7.758907248447641,8.898952369612319,8.488675119310297,8.44003219694519,7.937962578722887,8.555327973260223,8.510269461567502,8.587323278367199,8.226107709809817,8.9615831088197,8.233301617537302,8.763204246421024,8.352330489071697,8.575671149172498,8.417745190520453,9.00960552686048,8.31772294704491,9.420890955819425,8.67438768951842,9.236477597161803,9.047722901270403,8.920157644214719,8.945343344590304,9.343712977344778,9.33028731815205,9.113672126649556,9.983169143643837,9.0162756747535,9.105851922884261,9.602161439826387,8.702694866113978,9.435220992026528,8.865173363580048,8.972562508980422,9.76170026433808,8.599496629640138,9.748262305158796,8.899064608469283,9.051128251013955,9.241928580223258,8.972750382322495,9.444072751930591,8.856590875528433,9.026133126157013,9.81206892004856,9.165094834251006,9.215811033185249,8.985866697231916,9.913506503050822,8.88164952934408,9.52197441282836,9.392304867661235,9.809283142007564,9.068066595002685,9.929803687023604,9.245067799484033,9.457693542802382,8.916215608587166,9.21274895659802,8.962998526964014,8.68030898416569,8.823877763656576,9.00339114182317,9.177632389917646,9.318495840920745,8.962924233350579,9.057134526182574,8.602076846996,9.095875413791886,9.010403050311517,8.72807116313526,9.122807942309095,9.211132025669006,8.855906235609813,8.627076694384828,9.0901640748248,8.94694123691102,8.455207093625011,9.249520559689637,8.70576134146811,8.866487299852682,9.254895339870503,8.697751623989692,9.244777728954007,8.642872733498603,9.845887119180198,9.005533589256604,9.62755683322591,8.823928028006714,9.819845961492184,9.377396319747577,9.183283265974982,9.431171800491075,8.929733791306294,9.170632573055713,9.142639025595647,9.167657573597184,9.400545047662828,9.15973155206689,8.862838936729034,9.22183084525322,8.785206365068431,8.765257408550617,8.36366855134876,8.95746309699179,8.411951343963533,8.806567558191395,8.782304706011578,8.22165098230043,8.836497163206017,8.327434965531952,8.324791520984524,8.113359743996204,8.220295913635432,7.952209213615077,7.646858581487703,8.126222950836326,7.823612876312488,7.712186216289791,7.626700282959881,7.287470589547102,7.721830598722825,7.521447988480011,7.96396785681756,7.689995075149142,7.50078725282723,8.240673679757544,6.879193229132017,7.84494867361305,6.987736471584062,7.231810838609618,7.256750154883284,7.1637182006534745,6.953477691087557,6.929510814595652,7.0568414072335335,6.889523034963442,6.83326388877816,6.726028873367855,6.923935956886655,6.890913121133728,6.802638693751453,6.898573737970238,6.45150148866698,6.823861699483042,6.384900549786783,6.293058834976207,6.418273519893794,6.247231296903143,6.283160702564442,6.248391014981703,6.562988028923668,5.997078393391954,5.958281522660208,5.7790985526206615,6.131067399426053,6.218097309518295,6.4205211381490015,6.037055699715081,6.284835856814556,6.2330188788442555,6.163410884292485,6.230911069290402,6.39805181928134,6.473637515932009,5.984402613990632,6.104972969998295,5.471907278046326,5.885336248346916,5.078987424271188,5.9507181519564885,5.682627013192205,5.957022718807373,6.172040548242318,6.078824410387316,6.049846731085952,6.276985467355697,6.662781767786166,6.329165007496873,6.650570433554235,6.2266801342632006,6.383684039955646,6.6774708661359385,6.0664742931692555,6.344000847746306,5.786774294759771,6.148007052332783,5.372203851661961,5.872379158921539,5.787545419184804,5.67869274846744,5.569405518043791,5.840106081391375,5.60403434986249,5.737127653520247,5.543996650649549,5.542075801296164,5.33658355851503,5.3603217344203395,5.669765341719613,4.989584202777291,5.544796954581205,5.079539103886741,5.509900887943809,5.007520748570878,5.43437887469928,4.985568568649088,5.410273526621366,4.725122369270157,5.610927310391952,4.543569326334018,5.395622496055443,5.128200808943567,4.887185989848033,5.244568298777262,5.254104885988252,5.11916763156498,5.0795547923445765,5.191304286431218,5.017766601477445,5.120851484743575,4.779154322179972,5.122668288668316,5.073781470237307,5.449270177323688,4.939302905956289,5.19078693768476,4.813862237453777,5.215843444283438,5.084761476912543,5.065908246984093,5.2264523057779355,5.029910925283726,4.833964497006194,5.255708321548695,5.339719609714429,5.434560607383032,5.19420687763021,5.699330096691849,5.342099912590352,5.6152919043243585,5.2087914256611905,5.768559410989597,5.145985011494104,5.727336062324856,5.374046852155593,5.688119869637306,5.4457938126847205,5.464203779149495,5.704958859380959,5.528997306735258,5.608661781260747,5.517100704107436,5.679177513057369,5.527294569428392,5.997307870850588,5.811398278651759,6.22291368239559,5.620615487994318,6.048315416737459,5.771789344735445,5.874630054882728,5.748357977780205,5.790143494596707,5.941094813790795,5.696209729632054,5.613169700573202,5.855298309709567,5.496010848892236,5.970221415949054,5.6674224328218665,6.063028880992593,6.042273089780162,6.11658586401958,5.972484620059841,6.298125818149807,5.696961605004038,6.103030661518376,6.070971415947813,5.671340866054721,6.022679753235231,5.774243573082304,6.158146065666029,5.880654907176893,6.103868381424496,6.08445971816002,6.0307062195769205,6.113825781258444,5.918027581150334,5.992280079784495,6.092602439831632,5.9695059661706935,5.895906585127428,5.677406129293768,6.0032838520143805,5.774487167756697,6.3471773595052445,5.927731981199858,6.016285371702785,6.110173188624905,6.036152818171929,6.265241149306918,6.20856384843743,6.356380028623777,6.23406355090905,6.502708217056156,6.263848410022134,6.429893116412372,6.45312691249574,6.481053624997535,6.56557271904467,6.6646880725926385,6.533118849151456,6.456031752518998,6.75740025174959,6.734874275589049,6.831673930554336,6.826979509761243,6.788620692632779,6.668572564997396,7.021958242335042,6.80721432105793,6.874610301360174,6.910959327124675,7.071845831346383,7.235648774534147,6.805499895011692,7.0417346190304135,6.994164159695304,6.880652408498955,6.945064355266896,6.942217649842297,7.015476731710752,7.019463289158104,7.095903763656188,7.030950389769855,7.129126039940548,7.10994144092003,7.382566156766061,6.996912692945136,7.121938409271334,7.287990399768259,7.347697098163572,7.37964380637897,7.444561940149088,7.435046244050991,7.269864902428035,7.349691611222607,7.193353467878569,6.89694046061175,7.332409236344192,6.790367249405628,7.203962773724142,7.089563581390921,6.925476988709217,7.133768321416957,7.234842924565692,7.093375084327218,7.221316329422401,7.262788743424844,7.007379220902604,7.032950134684016,7.469894324252375,7.337394445321206,7.477328787242676,7.58117540926827,7.83429571047114,7.800724113883132,7.604602255226727,7.624721837445776,7.899692624454998,7.683296849682609,7.991789966497252,8.019021745116131,8.027548786077329,7.866916288790906,7.982075994426065,8.01560415355643,7.876567689819874,7.878332858487645,7.802679782325083,7.615288815872426,7.650662169858496,7.665157424352746,7.668193732645976,7.445465387736131,7.656178269290047,7.472626035173107,7.552620878151301,7.549280557536203,7.579904527586568,7.690991917514856,7.849047715088035,7.799782771981935,7.627417046429273,7.5786607040247524,7.742332580002638,7.538154496123698,7.591956541469934,7.419759175681191,7.4699610614047005,7.400996026882584,7.480103904178049,7.314388250295687,7.433319520835447,7.460396554858106,7.34477263916904,7.407591449661794,7.33778423824502,7.4042372383099595,7.481225989206377,7.389007594023514,7.559012531183343,7.716163272752109,7.709819949531609,7.70221265259819,7.637140651616882,7.798313952830301,7.812520994568856,7.779306227156574,7.846576553770953,7.8112200511914285,7.741999100126939,7.637120332137364,7.537732235809471,7.745339257127287,7.487241772093492,7.42213814872006,7.464486571700926,7.0785754860673675,7.097809423829114,6.946366647627822,6.90073568809001,6.978197392347885,6.966830897262936,6.814021750834456,6.967939232295995,6.789347308512463,6.78958918515282,6.907066462912282,7.020909228256588,6.783903536737582,7.017784796628786,7.047352766959612,7.1252039303180394,7.081606866779421,7.170035143295919,7.015150340038037,7.195003024046303,7.132845976768677,7.22145954793008,6.959834993762579,7.269584148313534,7.168914981746729,7.108238744186232,7.042890155223815,7.040952581308468,7.08419621509189,7.116382824817357,7.196925435971152,7.144059059565571,7.348857899114173,7.310900973208862,7.430555984421315,7.420280933819393,7.666243340886812,7.601194122700634,7.821070138832237,7.77813393346654,7.8545774258735195,7.928773685350694,7.893284920618551,8.064841931282222,7.997452187926188,7.9992295083419025,7.921267601453381,7.849648855097273,7.97850473395703,7.907624681383984,8.006870747508161,8.115838686345757,8.102431976200693,8.173570841687411,8.081529231007822,8.141071579844372,8.241291891948,8.103245479033008,8.256306938572466,8.15095557493312,8.10514669028265,8.134850782772206,7.933871965302766,7.831695540859356,7.982336338452675,8.02401087514279,8.142383069416189,8.075447345149383,8.078954043795035,7.909782349049726,7.928124705694296,8.020176762525603,7.944657142094018,7.974762961316535,7.98419280521726,8.198531815932744,8.154401332318463,8.122420468699799,8.287964424087345,8.468727696302025,8.476121571931667,8.511471029679901,8.47861651506429,8.539589889898576,8.427975167698838,8.293813978579507,8.241385892300547,8.266021195367589,8.246238149089418,8.280836529672756,8.34759570445554,8.268682900356739,8.355751571549712,8.368550773064285,8.292065387658454,8.34125145283216,8.350473265085979,8.26840637675175,8.312234762116947,8.285840624730714,8.349056266682833,8.463882734749145,8.382824225385354,8.351215707698517,8.341876857650146,8.338141169470415,8.283258117606543,8.322352517015911,8.344785724083572,8.316317092819752,8.354229943199693,8.287737757621013,8.214024739681424,8.215255097790301,8.400629899414866,8.404893433495104,8.505305939620971,8.310482763239794,8.089053766626545,8.027664232682428,8.02522780931709,8.109601885233996,7.784392199912101,8.079323519604891,7.675596013536358,7.7941468605228295,7.776656960874477,7.548192128608926,7.124194494706262,7.30480559150222,6.961579571637941,7.606415440463454,9.3499624823608,10.119250038551773,9.663146848586994,8.840881125374375,8.826700786977684,8.625374135874821,8.42905900377003,8.152434426212363,7.787270992176288,7.772010701537747,7.34148838890871,7.76999746790776,7.231089070231337,6.706432381539291,6.519954203537974,6.2222048310594,6.017673285452958,5.919364633094521,5.503683328148913,5.4747893772258776,5.39272298295517,5.398404764609106,5.00472919758565,5.227413020251945,4.857859151948559,4.726588872028522,4.617150770747108,4.827350424827705,4.514972874228848,4.353197843657503,4.486140651423489,4.412555279346809,4.428073445055638,4.33475312051519,4.692377177821479,4.420447178490775,4.192648619671047,4.024131309208463,4.228775369330935,3.787769337308906,4.842747996475864,3.8011944009130842,4.12751809849249,4.0328571564843925,4.311677454110861,3.8970710331791425,4.189657165144265,3.823962426863925,4.106721078011522,3.9577270381137146,4.0323193732245555,3.9978994713071767,3.7886617719537306,4.129248385100319,3.834735660267376,4.188022685673402,3.85054774252543,4.082097428863252,4.0071019450016365,4.170415007698665,3.869773826653452,4.374014772068093,3.473908998630943,4.299621609325215,3.413192579421837,4.4220518556113095,3.4223356873169553,4.641643837958891,3.5502491555937286,4.194789366354239,3.6613385770299187,4.308930615965902,4.025587778217163,4.208065686351624,3.8045648847753215,4.05484047181439,4.230052538464472,3.529487618116353,4.3275200372655,3.6042147241408644,4.220388027269709,3.8005285760853464,4.177877231707491,4.1383978029014585,3.808241663050532,3.978169785180753,4.371773570169079,4.0558770577206005,4.419521497848138,4.310962446772808,4.5237879573119235,4.519003196746737,4.448313159043907,4.710584864690906,4.784634803719825,4.529526701580426,4.934402188767376,4.802999445041649,5.064259192526037,5.0395230914031535,5.282635948251318,5.247207251107327,5.572064756924911,5.2527736564523915,5.844429483888673,5.494323404403409,5.677801442587131,5.554312793294283,5.591717569857529,5.8293535752330605,5.888662467448354,6.036614082795568,6.071821708201121,6.159433677641986,6.335238723237999,6.30400139761002,6.670405101738868,6.667198684229512,6.7112965540649965,6.876116998665961,6.864588314942081,7.092277282667342,7.0629220990929715,7.332363819965776,6.9396860976129116,7.546913747233332,7.355375084310455,7.579565741928906,7.4158113311883005,7.544764169144128,7.53732631436238,7.423427386224884,7.401704380923565,7.5750027798504185,7.507109675832706,7.550152107169845,7.490078379578571,7.552879234743298,7.555333790701496,7.425586894440148,7.626070985241475,7.514539642214459,7.760644471586364,7.752648862279012,7.687689673352668,7.827926967532055,8.011527355133236,7.935452494552972,8.122131221272662,8.134744210123696,8.106731509092874,8.078988253480436,7.917509946284497,8.013162383503893,8.05193169873828,8.164977735454828,8.259504409713351,8.106676700032928,8.058822647493013,8.184808365732112,8.185845943844557,8.100977128410392,8.068499900299736,8.117007582589665,8.099193754626118,8.016638803912008,8.074582160889783,8.133526023273967,8.190812201459572,8.110889972063394,8.027157529277408,7.971133256351257,8.12663791173292,8.156446532147617,8.161141948631645,8.12516813032949,8.132172689346277,8.186315523536557,8.17478378715148,8.206173920064845,8.161125014220977,8.268729858809762,8.290053057104029,8.242685584460066,8.08307238425748,8.152489511404799,8.169510351551377,8.119071868361585,8.085439852137732,8.2213786615633,8.209201546112688,8.171404312068276,8.17231692065639,8.24896600286165,8.240668942846037,8.1750796956305,8.180926468304039,8.230388093392044,8.18935812990801,8.200108205249213,8.277313662908652,8.352988125250356,8.44768577043587,8.350027854853922,8.312370596315391,8.352572049984389,8.338085870162264,8.290690183561907,8.370972296154738,8.428056410259247,8.467427568814395,8.492896433283255,8.534137772965856,8.48807707062611,8.45237582343319,8.475651741406558,8.4816451529522,8.488389220150799,8.485721876063995,8.509165260676905,8.426044021981447,8.440478730673581,8.355371248174139,8.348600780411303,8.37967672672277,8.310094139032678,8.417263100539945,8.359104765832104,8.292684283183567,8.40315168226292,8.28618521634178,8.325462201015704,8.381411028273083,8.398880447793433,8.313924679175631,8.320114864256844,8.391629458318143,8.374145334145666,8.363102076492885,8.31565293637724,8.272004948562621,8.369019358555466,8.212084954671242,8.34213727465985,8.184634296830424,8.313503295818023,8.205295062476448,8.324228184136242,8.333783879677446,8.326702210816235,8.331094407925063,8.365156869801373,8.3661646212746,8.367387969397619,8.399522981584683,8.329355103910581,8.419089272857322,8.386667485629818,8.428403958256036,8.42859268655689,8.360728776870907,8.337311444689199,8.377777474328555,8.321213859926589,8.309050473595649,8.289934661804379,8.192735343856418,8.322457128429466,8.286285699775123,8.272786135074362,8.206587253000267,8.203652517256938,8.388753776905737,8.327471434978449,8.372833833169803,8.268522513803706,8.289149948527717,8.379522621055743,8.237401865414956,8.284450869012304,8.263522907157109,8.274394152552501,8.352742126851021,8.261788725752064,8.36697728389097,8.352366114525736,8.326917663492873,8.297425691514887,8.357435737067512,8.271119131973625,8.301940570256352,8.31350696745483,8.32236529439842,8.332855275093259,8.30672814455969,8.298641730222531,8.303149156008526,8.324638128673337,8.306205952113174,8.368107035524822,8.329045969370434,8.290064488809236,8.292931661993876,8.44372225132925,8.486402805281482,8.618945857437007,8.46111392252767,8.539049890434049,8.645682662885314,8.631688239478185,8.882043786455554,8.782485459723187,8.982228415395742,9.389807571374488,9.671574747461502,9.41100916612116,9.345330203461138,9.541985591823842,9.327930324954588,9.453216963248936,9.547009070773285,9.518542736933242,9.568658177751724,9.421160268682662,9.685076832675051,9.955211702754397,9.951245806153539,9.822722512643459,9.701564889812518,9.85789330141307,9.614971584222886,9.550566320835289,9.534281916997072,9.55694289055341,9.591940182104384,9.642366939477299,9.616712776554424,9.450525309458982,9.463947508718494,9.364743352338348,9.418484944278982,9.302965420178746,9.455880980898302,9.184641160389084,9.170032713349585,9.331322017104041,9.358612096693044,9.518772977731798,9.367115575244325,9.523882576880652,9.497314658078041,9.392458267129633,9.486952974732642,9.412376665516433,9.41215358541501,9.467145460072581,9.472509751274858,9.503944059295256,9.532426689091745,9.48722740210281,9.535460239822651,9.500780384462933,9.55801091710725,9.662042376875553,9.537648420763809,9.522876087116684,9.531139764293703,9.532260428808305,9.600103011998955,9.711582730660822,9.5608050398218,9.76965363253993,9.545443553837623,9.768412154122863,9.912654733608152,9.982663070127973,10.019408715662221,9.762372262423533,9.549520273112368,9.469830499116007,9.372504429725607,9.40637315696725,9.447784260680576,9.343550457341273,9.221450889526544,9.155724363263374,9.102544187481191,9.109611298485337,9.154935871969585,9.12677619876494,9.052005200313083,9.03982060474032,9.170058438714271,9.02813902466712,9.016977517047575,8.93980027476014,8.783913369585438,8.72104514925429,8.718429291636362,8.737845990100555,9.00089532555235,9.006569718771292,9.004660821879892,9.158341541710918,8.820666829973137,8.777380499771475,8.687504811190678,8.55393510861942,8.592909949698164,8.664621641060016,8.623599620733088,8.672509185249595,8.659404722151024,8.688990626224927,8.583994385657512,8.680103452132693,8.550693615839496,8.513043146521463,8.442234245191008,8.416503235750511,8.425403532415308,8.445038042456522,8.369559124369784,8.39673783818414,8.400386455912754,8.491138771955534,8.549380127328128,8.614953842527843,8.477091201210074,8.412030567598208,8.40828572265958,8.461962792786448,8.498359743977575,8.505133161485805,8.437873333857073,8.45990212766142,8.459633857632666,8.418502132284136,8.38579768075762,8.416050482207588,8.374452045878074,8.304828404809028,8.345481276886217,8.413554670723766,8.36636467640908,8.345246186653764,8.332632342722878,8.21671246810505,8.358810318882258,8.259963247689099,8.23324354929383,8.320942307833262,8.388631370437011,8.457957424550928,8.47077727880483,8.46893199194377,8.34092050018409,8.356505428693868,8.346555615342211,8.394631370000221,8.367124854951777,8.51803663341017,8.365536876066267,8.40476199663864,8.328815050978825,8.419220752163469,8.246500878712773,8.237701485088706,8.284210801498645,8.274244880109705,8.290568526179209,8.367732149499147,8.393702116875588,8.29885444108551,8.326831639703975,8.329203366196394,8.354214315802471,8.348779041708127,8.337191619800084,8.308681468434312,8.395731964476086,8.331866128362394,8.477331394591978,8.3809938511035,8.440549014938675,8.321890818985791,8.318031293295004,8.325815153998935,8.323666520027123,8.315559774294176,8.38204276743965,8.40803295269297,8.358828971299022,8.424197990346379,8.452552896408974,8.427620384131238,8.439408920189976,8.401847860274517,8.365220518034564,8.424142560392298,8.412996086973378,8.422662062064424,8.383928087639301,8.386153316434152,8.441946085399627,8.36424679696714,8.336899917029456,8.3576870631442,8.432716653269395,8.429560395653038,8.478931629109807,8.459685082357987,8.448220947661117,8.378497536579758,8.345072572125734,8.356662476478755,8.391780714920403,8.411155358256453,8.431140950114145,8.38592677919814,8.36135629883656,8.364726418910228,8.382201743513956,8.328692189605587,8.454421383786626,8.440440864951029,8.43920594779463,8.430518728156253,8.453009219618194,8.388778834740311,8.466384235752425,8.310545448233984,8.341991361078486,8.30432424729844,8.31866606848003,8.292848699499531,8.368842873043992,8.326397335465677,8.354019868780538,8.332000227385812,8.415880854056827,8.319272691157325,8.37086293215552,8.444903500477462,8.506846695329672,8.463907111079111,8.457809309867821,8.459034173867344,8.389111978008092,8.379521133398317,8.403800042058952,8.237263681312703,8.069670890291833,7.950032790113853,7.752676489270906,7.678727173690366,7.167345115562585,7.010757969754433,6.897675987674539,6.709516562411247,6.52915612118008,6.66804982653974,6.966403844288236,7.41049162051795,7.621891667769904,8.209674006869697,8.695025689030677,8.631849996472388,8.611365867030486,8.67320306196963,8.693660471808775,8.55796499147234,8.551589195138455,8.469287542739561,8.456744402299314,8.374199541003124,8.483263719008914,8.442272008360973,8.476412922317772,8.49373315751241,8.401372148456662,8.407810652644052,8.503879718232579,8.530875095321475,8.538556210418841,8.48412549391543,8.389303338920376,8.402226512373105,8.408585073395312,8.42817927451027,8.381259372184665,8.433623684795252,8.363653394641966,8.371992141666503,8.354629845536925,8.39288130368726,8.364264440891944,8.39621248762743,8.348913809691236,8.375386315292358,8.362947312278353,8.31531849042201,8.329623270930403,8.356257748516887,8.32171582407938,8.279282090604916,8.276525061984227,8.247236273667456,8.344957183270395,8.318778614896962,8.300883013649523,8.26166139786286,8.320735633281672,8.285946014753222,8.325310328427383,8.400457570451922,8.398031860749848,8.418482011707178,8.418246262461558,8.44259731901498,8.366221434964478,8.221476829947584,8.320917194761947,8.3187630676447,8.306297818610124,8.236406598963454,8.285269437713227,8.245184331370197,8.303304181021318,8.311860275204905,8.23228886692939,8.261314098287054,8.260297868667783,8.293591207933293,8.275728516007455,8.201043250501767,8.20307275427194,8.209887942701258,8.167865328711137,8.128997487925604,8.232586393222824,8.20146948665069,8.171318289681018,8.126823580187425,8.203325946220808,8.12988079587152,8.038866430685538,7.940554226326437,8.006436162387633,7.989706318319456,7.975887288508618,8.015551395850869,8.048504553704204,8.044924772192406,8.032455553423295,8.03435482640905,8.032136531757804,8.038944108427183,7.9956842245363235,7.970098480616377,7.993804116157496,8.083844861422346,8.145893214155599,8.056334473012628,8.084151902149113,8.038770428590157,7.99091225665217,8.044595295839622,8.10975225532116,8.047186293515058,8.11023763697283,7.941628851843989,7.602961576368342,7.495087751296031,7.540039788192752,7.334199310216736,6.917215868366568,6.687929936779349,6.502397815642565,6.405381495381394,6.13984678310963,6.069907107704009,6.470224183967024,6.898950534779575,7.381451434066203,8.043036573321238,8.119033991281555,8.283292808427156,8.194834642812289,8.14230637634793,7.898933203627036,8.352068827065319,8.083170733861616,7.956901451970131,8.024818235795625,7.620753134204998,7.249970265789882,7.355387680470005,7.221490293935245,7.204577884113721,6.686734118896222,6.756552534033541,6.264444017857313,6.498322221818378,6.552215827470644,6.685716592775034,6.101258879721476,6.921337085689104,6.18599122341567,6.3286155557818695,6.141728309616447,6.164810933070258,5.5573295832766885,5.815456033218653,5.620411011823457,5.457889169774331,5.5605735751257,5.352087172105291,5.501031384024152,4.720867927721707,5.2065637910366105,4.871749475078351,5.081169658762721,4.583917592712683,5.026852401389437,4.691142586795619,4.930007453570149,4.133098700221942,4.713370913226783,3.7773579815371607,4.56892722295132,4.382051311635107,4.387215246777055,4.085400719333755,4.322547173138402,4.195147832149334,4.047928587649953,3.882915139373705,4.138029111071184,4.015722448066812,3.714994876181399,4.417701137683671,3.904949009634247,4.410785449109977,3.9022290922484073,4.1004330465151035,4.287271790136588,4.0801145459649515,4.5199784508223395,4.0557016035572975,4.285307190469471,4.232300842353148,4.029576541592061,3.998489048510484,4.238213091888469,4.068770503162721,3.610758958539617,4.044352092420065,4.001905051840785,4.260353725451671,3.753300786100641,3.974841895258679,3.768955040600464,3.8472608357962876,3.879240860589783,3.692992922908939,4.095490354596021,3.398714211202848,4.341565065453765,3.6702842627745156,3.870717016306399,3.9275479894457423,3.813701081406328,3.7206558038791058,4.017015181621541,4.127537230110421,3.6981638451494927,3.7530738264524093,4.0186405831963485,3.8600053145674393,3.7245202820608427,4.0806769881475145,3.7821569043149594,3.983831044823556,4.157383438125257,4.075951191087567,3.915297727654692,4.299541460098704,4.1104426156450105,4.117398109501231,4.303540099766111,4.492238978326015,4.64992909202508,4.2617795696466585,4.785375370541594,4.38596411001248,5.174703200346176,4.676034233632193,5.193016524847293,4.571329053943051,5.237116689337423,4.677392323698544,5.004127805346319,4.819718008628121,5.332851931072466,5.366485402658586,5.763827107409019,5.694292351777358,5.499385581046039,5.926292992082114,5.782555622596607,6.087133297404895,5.902547786316525,6.498630606625227,6.181142618673232,6.435026004249227,6.336441907409267,6.616667755582988,6.3682849402570465,6.759268229894027,7.254735415889876,8.992348298501831,8.816360951267791,7.838350630241127,7.357071577990421,7.199172582523893,7.266998024845179,7.221252242483504,7.143857496203849,6.993310175864021,7.118790174862365,7.167431271472009,6.853525992270244,6.9626811336462024,6.942554355032427,7.221518677134681,7.1990646866817585,7.284666577260936,7.217440787699688,7.135180882375371,6.755050789769736,7.125374326171969,7.128246212859321,6.982768680467266,7.090369881523458,6.697549781246728,6.995511722496396,7.056825505659601,7.128940318531042,7.051007237850373,7.227945194162112,7.411662720140685,7.899788942250105,7.894975705539489,7.929075092707441,7.848702212289588,7.75081781902505,7.765495224917921,8.074645053326764,7.765315715690756,7.964942154820689,7.853346986730264,7.839019651828946,7.632176897876579,7.649846387288214,7.926704088152998,8.048787058742397,7.972464986743086,8.038272064632416,8.087966958914564,7.939580859068461,7.90358593501305,8.023635215663033,8.076304881024786,8.085101703090274,8.071424310618692,8.12717066234132,8.08159531203253,8.11067653503889,8.218112680853025,8.110485908409261,8.06597336954126,8.090026394786925,8.097307173643873,8.058423895292595,8.116021221570351,8.20825317947814,8.120265486181394,8.19562877881495,8.221627676879667,8.155964281928407,8.159524846986548,8.199846821726911,8.25434340416608,8.258301545541414,8.20876748176446,8.193728404917435,8.266310912516579,8.321925532716937,8.30772793475227,8.49102087058281,8.4784874791388,8.397495024112663,8.473892548006638,8.500544289985351,8.635913296101293,8.749810659793816,8.875333718752167,8.940241572313619,9.143245390315217,9.148393649032018,9.402544185083036,9.52653774303538,9.705686187657202,10.136952512652288,10.244593162929313,10.079043514674204,9.888060707940395,10.40639856090923,9.832129916149798,10.45650096312319,10.403876119057323,11.276809947408418,8.34465014640396,7.843932612344303,8.321088461761043,10.224603863658057,9.47913037953121,11.092994930750372,10.256116405862057,11.698528784719914,11.038308064855316,11.02091339442102,12.416816362321065,10.673329560180806,12.593645544938436,10.982923694510623,11.497656603256857,11.734771907750202,11.47475626936803,12.6079959706512,11.910475003162084,11.818716240815506,12.351271774230213,12.438046748071601,12.369996912886077,11.795921403771885,12.363244808122205,12.90907356253515,11.858036573288649,12.659988748912392,12.715413731477849,12.278928131029632,12.484636415891972,13.173741167450016,11.4254730262064,13.144325526167334,12.176208558475288,12.25187072268377,12.32327794162246,12.3247540367969,12.740263819593629,11.627494052803764,12.707694816516405,11.492177158744688,12.007090765849375,12.45857913487746,11.836247574730464,11.930797647406967,11.52234708302809,11.895526244087764,11.95535827149792,11.605002128036377,12.433715024890066,12.234966914036,12.029155783561675,12.304382532999542,11.968855228351117,12.08324266857157,11.605407973240746,12.019167929577328,11.960901053325893,11.274491915653144,11.015890560561472,11.700540502943717,11.11860537188282,11.028733349681513,10.662133589234811,11.009913765361214,10.618702072567917,10.757089985773577,10.66310721432013,10.960686699796149,10.43026516379011,10.289409713183204,10.250391247665185,10.045315162103298,10.423340486443278,9.625923145675706,10.214123409168469,9.637477905649368,9.556717613615703,9.704535998265866,9.292293937557053,9.252556629107941,9.18446260439386,8.993748093998668,8.680959886453724,8.748245129470392,8.728388212166404,8.595576065486906,8.897879243746079,8.557594592027977,8.549890953452937,8.340434239806287,8.468829981732792,8.392528715973398,8.446964152284577,8.393752400778846,8.40281349225124,8.18912500708984,8.12284895364815,8.021434462952108,7.954520018991694,8.159657002372347,8.043483925710113,7.989044895103813,7.996651368058898,7.932315692805366,7.77063286012193,7.899424906709844,7.675746821809241,7.730359794093909,7.8987604016593265,7.850992940833473,7.960535935789028,7.979098364283943,7.975500586402283,7.937858584315197,8.000246482330056,7.901097111624347,7.7189253305659244,7.856576957662271,8.044348746213743,8.180970463665814,8.146953002434834,8.100178513928928,7.971371735028604,7.991563408767486,7.966850423297525,8.088992873147742,8.06810069838693,8.159156646180577,8.244667877128027,8.259146785206774,8.046776350863889,8.14750335305152,8.209057259514609,8.275981962095626,8.220445008228213,8.069425131731347,8.04304812659198,8.098501038003393,8.157464262872615,7.988435376097129,8.01978617854105,8.044183018120616,8.084488287360088,8.054765894377285,7.926497651004845,8.10239543670477,7.886147040307203,7.9211003245754705,7.953791403217854,7.865603705301562,7.937643843071215,8.027157648938388,8.1661575931978,8.161411506567761,8.198042617222905,8.139414704746248,8.142167664902896,8.08741525072293,7.885978153149279,7.963110446852312,7.993891228583322,8.116890242976748,8.02377490463821,8.235573163392633,8.113373096880183,8.041547922996484,7.972553774245695,8.233117919398152,8.208576307712734,8.277282254613617,8.272584890762024,8.32569906845843,8.307921687519789,8.278106719406003,8.26771531096814,8.286662837408164,8.230546444334701,8.21305546468278,8.17335095443917,7.907872372545914,8.14280614556899,8.211773048333503,8.132661925709487,8.218051499800437,8.07244644207103,8.125345202411205,8.103245176697762,8.097637438691834,8.12882455769615,8.118518072950334,7.941219051281601,8.035692156685196,7.964872308188729,7.986056127438002,7.9871839078717475,8.054530375857517,7.970995299743168,7.964291351238878,8.047865644378268,7.808798592976907,7.9030321792528575,7.93794615878878,7.907443017393032,7.917504488873908,7.738693088429661,7.844504527032057,7.8072948560118585,7.8604436501456965,7.84262761773696,7.851025595619956,8.00787644904261,8.021721623834836,8.054988534386881,7.956814032002964,7.9590556649366935,8.006409724626371,8.060012026225829,8.055903530052543,7.996181115537562,8.000075540464984,8.11130558384271,8.166880496895551,8.230678805258737,8.084863251155854,8.047223738088883,8.00587790099127,7.9389792074418235,7.90795225374555,7.902192311213964,7.929956363115141,7.892502993989417,7.904815268885957,8.034761752543652,8.157472518348747,8.043703528341519,8.089906373453937,8.119443812311307,8.122506022892573,8.114069940975547,8.086291557691672,8.146992972792738,8.095386275180296,8.200744488627329,8.150426460198737,8.168454138209723,8.119367562226632,8.221510735919379,8.230533863461256,8.182166779429332,8.329466448218241,8.325614572955907,8.346252685968443,8.285860260433198,8.3796695117435,8.271027139128796,8.306392858896084,8.352992627077414,8.62392293633116,8.65776802007263,8.725729207900962,8.383440038130297,8.21979191293163,8.301225569184549,8.38374188990952,8.360565142055652,8.376177187828958,8.25074296659013,8.257125075773017,8.18433087150255,8.140923473296366,8.049930949589848,8.231531195539661,8.438631615090793,8.458315987975016,8.503813083578512,8.751495408445274,8.723724996989272,8.6069401992966,8.500131800111062,8.45343433329524,8.43850154199326,8.416165629310212,8.428676908897847,8.51697810072606,8.896679647827199,9.404448989794265,9.325718994570572,8.836981136735206,8.420499638981797,8.302422058509343,8.2719617089924,8.279323401876406,8.326215037281305,8.29290398539664,8.20734529248593,8.052294609985926,7.996524856017584,8.04299484720608,8.081716704798543,8.05770585720116,8.083716860666552,8.079648244298676,7.890314442544858,7.8268341698280155,7.891029112266057,7.995820422146149,8.084488065146521,8.136167335414008,8.18347992840843,8.200767921369202,8.10237128818562,8.101627799418434,8.054562597192504,8.064211116192542,8.106445541737282,8.035590183685214,8.00564422170786,7.929403710283021,8.108057574715145,7.934570632867196,7.953937824644761,8.004196513538862,7.9179061402489035,8.013355527773179,8.032619676032715,8.031698964034819,8.037881812031062,7.990656142161839,7.906731316472085,7.949667348774763,7.982128063586222,8.024872324403056,7.949634196205677,8.051793167532102,8.008283775226824,8.006128828941524,7.999743271727727,8.114811581533083,8.049194299594179,7.926969511029301,8.052762422460743,8.027048516684824,7.998294239930488,8.029579964044183,8.032871363127285,8.146391794110329,8.128167989637383,8.1466698421693,8.16925998584056,8.171642587558978,8.21621691359827,8.069143113546685,8.143906991879136,8.056900614669228,8.187233168521576,8.169802366673627,8.202270744691283,8.183525755332463,8.105156041031384,8.17409223648408,8.21727823629664,8.256171420041152,8.252000890631841,8.118667275348358,8.031385929534823,7.952325774116122,8.115016470837087,8.182191279825435,8.153736239836231,8.215976443669438,8.25871293632468,8.284267435466552,8.191386221280933,8.262696697173318,8.328028131887928,8.272509588149056,8.341430262016743,8.355009706399084,8.312156905063109,8.302714706809871,8.307538471595995,8.221519627982431,8.214315691857278,8.190949578696541,8.298561597696185,8.328557548910991,8.305977683464677,8.32041305150991,8.35573695891691,8.275197245997056,8.313008658338019,8.275688985727408,8.242971453109437,8.169159681230463,8.171593830950236,8.252710528757103,8.06735747613167,8.126864778405666,8.110722592772596,8.257168496047758,8.177599282657408,8.295514197718964,8.288463472767411,8.183462472382613,8.304060517215781,8.166682327661343,8.252785499530525,8.177288322366454,8.123673643499293,8.076927153991216,8.089779779363104,8.085109572789312,8.125085143499687,8.179066284579836,8.230426342852093,8.151234714478866,8.0466537756302,8.044688101687148,8.004102098384553,8.133410531931236,8.220464197524503,8.044993882599899,7.984698647886196,8.063595382162982,8.072078724784458,8.010496695890703,8.024975218229606,8.163021272557467,8.122236136823572,8.063904539012961,8.154228323848598,8.1689944876839,8.183014759022422,8.301837231076002,8.159046152063326,8.239762824924341,8.196348673726112,8.215312188041077,8.22964225189449,8.154182965705782,8.220351217190416,8.26281536520613,8.215052992703074,8.212822183577025,8.349504261875206,8.307179784687847,8.198819153743477,8.336198695117288,8.514836178698255,8.593462635415284,8.702524772083065,8.734668588574653,8.75550357764741,8.919837912010639,8.898217266473598,8.88650474970383,8.968694254291853,8.980764745638384,9.11516799966493,9.078236914986423,9.232228159845484,8.999894685187986,8.684499938405729,8.733220414567416,8.648852218046462,8.759061307796886,8.734379493628307,8.900643396733006,8.889087856688214,8.960524956618114,8.605630268985394,8.193503418392492,8.372050835994683,8.12177441396439,8.137128994368629,7.904904260576383,7.988620448512949,7.509135620455872,7.551594676892266,7.491213128532587,7.6447228096906645,7.269373019657402,7.4713073672618036,7.350759946275497,7.095717640793876,6.775615509428701,7.001915721331409,6.625909163402392,6.977918494620045,6.602466427281806,6.760217378532201,6.3395907983354585,6.5802097939793,6.206683351028089,6.003496037963779,5.950968118101979,6.309804890116986,5.8776980232866505,6.422834707188108,5.400015907209993,6.473482083757407,5.251303552550579,6.530294588489146,5.06966877222217,5.850899547574422,5.156460586024144,5.727793276741482,5.599638980260744,5.477513249317809,5.177089966246865,5.529583725819059,5.30880371848277,5.5241602210157295,5.50394692078854,5.1046325602366975,5.671112573098704,5.2537113141361695,5.495526858329157,4.913214501816165,5.536060151566444,4.848960597418876,5.0999069580125385,4.716130189863041,5.229667958694828,4.913711786679929,4.868750500621592,5.100847710526244,4.770647125660139,4.432626995542092,4.802816846310168,4.537986302324576,4.528994468639921,4.587862666524021,4.647430195302399,4.060017513718149,4.312368131640063,4.6261798829274925,4.08132315823964,4.123376828740976,4.372581484749298,4.0495500745701944,4.481418867527202,3.9776655607235973,4.345010089802872,3.96626540282276,4.171851247367454,4.158107888638046,4.04505232807094,3.7948231883673036,4.144033732390968,4.119342057198912,4.1586395864561245,3.9575482764778074,3.791999127908303,4.049841369270972,3.9719410653738345,4.153794666721179,3.723137975266827,4.119369552692714,3.8804852424111873,4.347443284140905,4.3220047484462505,4.131147284043647,4.107911975857185,4.277668546655532,4.219679269371559,4.4463214650594995,4.351265465379698,4.514256816382216,4.587501072875851,4.695535425186785,4.891068577342673,4.7123955221676015,4.898970535368044,5.090466876118451,4.982977485268694,5.271653958863275,5.259624549901741,5.560421812053155,5.4504025382952195,5.441701299265653,5.43884589246009,5.665650850337312,5.644179020891902,5.932457840406959,5.655348071536674,5.971977016980139,6.059176325284255,6.045024836049415,6.29018663114868,6.253956581554376,6.624451910424974,6.284603988725381,6.508885473183665,6.695659816733869,6.653575079917594,6.624907062028843,7.006840505978708,6.8496196631947495,7.104259585360991,6.986555043649856,7.279784757510442,7.066648224280212,7.470137312325331,7.137354617072265,7.586728139316346,7.2795494731903645,7.5934874190778086,7.349052017605857,7.611210497302617,7.561898013047556,7.624809740955624,7.6352095369358155,7.744332356850299,7.736998253754954,7.674709815435725,7.663593227804321,7.636397433156762,7.690494411384369,7.6417664965443866,7.6918702287102665,7.760913794014284,7.647338739313799,7.774288363840112,7.681311918624358,7.850849638349989,7.823685989772582,7.81321192923622,7.757159396588484,7.871334322408455,7.864541629256362,7.939346334409581,8.006221593321913,8.015569992486068,8.044479049180316,8.026596761161143,7.996332004444355,7.945199480463432,7.902588762712346,7.96091753859693,7.7675626873333545,7.837936970127427,7.838917450398819,8.026183962255397,7.9681000561422275,7.899830457155275,7.798728605184387,7.889901101525554,8.056341084867396,8.005755041038297,8.14848105760911,8.104430381233485,7.949646707430162,7.998312963896111,7.947788608001226,7.894541230138072,7.905239779396595,8.063736762950809,8.164425137952582,8.19211452379977,8.076667111829536,8.069989333564095,8.032682080661559,8.109956839011664,8.038728797847085,8.03757994072666,7.973684079108441,8.047622409748525,8.050774952780136,8.16447781984383,8.165267740186914,8.162532110150584,8.15681957998933,8.165854786333307,8.159352802673034,8.103443722195603,8.190578446804226,8.216836473370583,8.423349604040062,8.530903683590381,8.428923141874051,8.290136016310804,8.212968952564204,8.227404908078404,8.223519430511312,8.169535368859448,8.233416366010584,8.17831764736367,8.22280446618484,8.158112057607301,8.259835999898293,8.214393999019318,8.289489514750107,8.237071316173912,8.271543344861506,8.155745941094734,8.185502581518755,8.219616615694628,8.23292951433608,8.216238361719675,8.230126777530328,8.113783535435786,8.189536978128977,8.008177582660371,8.092560286448949,8.09953294648012,8.044041727000529,8.037906983271233,8.100470675841587,8.163040799504758,8.096832486993314,8.28609248149363,8.23001914348142,8.181708953312278,8.119522214337863,8.159270418087631,8.127075771718898,8.210111491593212,8.183271944901586,8.192445779723727,8.187651238363848,8.197052896895126,8.041056475571038,8.06978693096587,8.231289499203355,8.150500146324426,8.230866742522135,8.14937143556928,8.101536498467118,8.125961295521499,8.058615289592797,8.162473829683528,7.936151292260417,7.883065076262373,7.942579815324077,8.028202577015998,8.021897716928885,8.01814619203718,8.010492868811504,8.11846589604547,8.10732150837002,8.167735214644724,8.16798081962546,8.0918650402051,8.098622164676577,7.904516364519167,7.919634821826275,7.980383773270676,7.938060927765125,8.090687882352302,8.003961266467028,8.047302256060444,8.109967389038443,8.049118150194788,8.13048401442045,8.096207584255987,8.064815693787912,7.95126956073256,8.033468191047811,8.05232242768319,8.070187374513276,8.020524413983019,8.073600238223241,8.033948984063843,8.001271230142244,8.124416245386616,8.054319501297229,8.055258610669204,8.022439839762315,8.008991422109919,8.036091156887501,8.034243225517363,8.07103950689701,8.132734881822632,8.171225652109511,8.166457334902748,8.196366326279618,8.139557875596598,8.137604969415493,8.104951766875253,8.09770588011635,8.160561982567103,8.044677375258559,8.096889554906317,8.263510247144529,8.151198610259831,8.238671680359781,8.059490421672031,8.10617830794459,8.142273893292673,8.181760009682417,8.141262632293307,8.255599286925658,8.14175713818209,8.214567107131385,8.160538224141725,8.140959956074745,8.078597904645518,8.221717776708916,8.129941082896345,8.09034937180733,8.07631805845225,8.028016378815897,7.949037472672441,8.023596901359648,7.8720094908742775,7.914725069461071,7.775750793401764,7.686311332626882,7.781572977939303,7.792979756767543,7.852694406441094,7.821818567688258,7.890563856555762,7.835845080326924,7.8674664281929445,8.002301040577382,7.8766794790529255,7.882694611462446,8.051861197386549,8.040053449530767,8.07931797308536,8.0904703158435,8.041669811146946,8.150705928743497,8.156294136430748,8.132599308399163,8.1863541950394,8.210908783848078,8.137089260999725,8.18635915890956,8.126275591772663,8.11297898378843,8.003794700067171,8.107215047759615,8.106816768112273,8.046421485325935,8.064752024106362,8.176912518396653,8.141973858314246,8.187018589402228,8.14937900439059,8.018702936085553,8.17868105973737,8.14732410467384,8.148081148058788,8.091434138176643,8.018576288145647,8.108248332414457,8.150552517810517,8.140573541570134,8.15338758459469,8.10777021784024,8.101960707587802,8.124521000316978,8.096834080146305,8.191362728054315,8.122742216043786,8.12944220346553,8.180863541515224,8.232758373666234,8.170259741220303,8.16551877153726,8.124769167822466,8.071218586374686,8.191279225262493,8.23756220522491,8.296711916869185,8.147963774154574,8.17018407386882,8.231282821089641,8.152633549637773,8.169816012789175,8.186301731515355,8.157770482950523,8.327611915531248,8.141641753610834,8.150131893611194,8.120108366409928,8.229317312628643,8.195867420590163,8.18678246396748,8.180183829233663,8.180561982557789,8.21851995219165,8.086403645422921,8.20335920613879,8.23121553605111,8.223983009757154,8.313992218414002,8.192345326823794,8.250229321407765,8.232248576559737,8.149579786711053,8.116493624152296,8.11812569135023,8.191115027337014,8.141418774064311,8.17101661579372,8.163290283118055,8.245946726730704,8.204016852799484,8.223887703308515,8.224024086391234,8.265088199546241,8.233348364272766,8.23591038074033,8.16305903332928,8.144199281136185,8.190129835039057,8.189506171621995,8.17128715366745,8.10951214161856,8.121974302201211,8.16335750238193,8.049141311600485,8.097099429491587,8.233022584353254,8.225075486578659,8.246137461105041,8.218719437915512,8.26721511401856,8.294795991831139,8.271427947461286,8.221347858362511,8.168273641482607,8.265466252254933,8.360969834250078,8.228019656079502,8.167390609175579,8.223794588001125,8.229563574690053,8.184534122856945,8.27243669263707,8.305770689888538,8.284119292652846,8.291396497657201,8.301742441134206,8.26916332282746,8.274113475737773,8.265728774924442,8.32443757141629,8.293355825326085,8.321198521085694,8.285281162170373,8.303390767506004,8.242527590693586,8.278267636193574,8.326741229930573,8.316789282240585,8.305498797331616,8.339339385434664,8.361790032299847,8.348773570006394,8.303044169346482,8.330293651965127,8.30821027415493,8.30605699055051,8.324456061280012,8.333986051023619,8.32383168544309,8.371117983727396,8.324249621808208,8.409704335631481,8.372169392049924,8.33989495076859,8.33739162010295,8.327769502575189,8.339675193248928,8.379310821445339,8.323708351996407,8.263435122437455,8.379626368467376,8.384551603702509,8.3652991894648,8.387253998701139,8.323367315224983,8.26019627797106,8.260257342268392,8.312718903470465,8.284133705526271,8.30157481088923,8.330378074554407,8.397164367615856,8.363107488082402,8.381524966174418,8.414549614355579,8.37243042173484,8.418835941722296,8.324850263983622,8.402924506120995,8.41820967381043,8.425533181081205,8.413750739946641,8.419141162314132,8.41307873814521,8.394661564758657,8.291359399726295,8.307150824951618,8.27861971134474,8.332887866424077,8.347285086537392,8.360102549965173,8.361092410019278,8.39872072641892,8.41246461955519,8.39920232480546,8.38951452057963,8.233175006314791,8.261908224976303,8.19832579460615,8.285108899959974,8.18671385425763,8.23293680135315,8.197820957570016,8.204124700912885,8.312997776415811,8.368004788324848,8.307187174685911,8.318072645092995,8.286656696723455,8.363008784196952,8.34156502572974,8.394669270437822,8.374428563026392,8.366327505062014,8.329206236262486,8.360090557990276,8.353852985763602,8.343826682503947,8.302457339653426,8.334595559050008,8.329565133966186,8.261128345398843,8.292246051222698,8.358353274303168,8.369293230922572,8.347678449551255,8.292478916092456,8.270907900288382,8.341726685926929,8.324823677457548,8.330081616832555,8.340060880595498,8.335729759630427,8.289169140292012,8.33967881721133,8.348538762006589,8.333997849376551,8.34208135313043,8.287263361324236,8.377939156449079,8.328287002999947,8.330245294022985,8.342688646257535,8.346984691085906,8.36677019013712,8.408890913898736,8.50775567905666,8.490290557278,8.419792542398586,8.389310283117606,8.33711209192095,8.37714096964491,8.372601439400254,8.334087566790782,8.353540576376632,8.338162002979457,8.283601019304857,8.373518495072291,8.354623771176353,8.365879820256174,8.416232076586834,8.332565181163751,8.310317418050632,8.365714222869515,8.399580912051402,8.420576758814654,8.394413208888523,8.496686380339465,8.411026542099803,8.355219889573434,8.386954078135693,8.37558960810458,8.398379446898266,8.278562385492638,8.300866216096708,8.264210270831041,8.248640771779844,8.296882012287766,8.286673183824545,8.296496202854119,8.278267105968348,8.338672976914474,8.293051716263085,8.329075678281164,8.267604173120723,8.266526949290798,8.29123731894573,8.302968777084404,8.282170221709327,8.29065400925619,8.210625749995613,8.233324274925195,8.273173706919566,8.314574358385666,8.320446293281071,8.23797980208104,8.279944276690163,8.237533798605815,8.279487637934885,8.282390729330158,8.28493778031008,8.262188236174785,8.260947294604644,8.26918051372902,8.227821937982604,8.313274133598112,8.313924286776833,8.390281406800874,8.400046970738709,8.33485573143387,8.329568366926775,8.323383364595152,8.364325426515803,8.28161146107284,8.284803783792682,8.344538049620256,8.346687256266975,8.354310511515155,8.316626007479295,8.246339293878206,8.300065915031968,8.311779303477756,8.340082040258363,8.38091877642242,8.359654135649704,8.288765650197544,8.271829588340275,8.29026668253509,8.249549141346158,8.224621784609422,8.223306079773844,8.256512777252734,8.315531449729257,8.331399557047204,8.315218314557947,8.29678583091279,8.338890486654506,8.357340415885352,8.274224988852307,8.297009198089741,8.3351886858434,8.292457171824442,8.280414141110755,8.364527019892499,8.231720600045897,8.187046266039824,8.140424831798292,8.184770962658018,8.23351332322383,8.076477609127751,8.00157521002925,7.86438086458481,8.056708867472278,7.680146595933468,7.9019051970463785,7.707336740388216,7.542971881345528,7.719939450219576,7.552097677664514,7.0656827301594065,7.2158402704757885,6.988693262976589,6.979569810408474,6.6986331831632775,6.695653412840326,6.528780700294298,6.51139647682042,6.576776178327075,6.556042150099139,6.222548135865168,6.636629539992038,6.290127904396503,6.283746908249643,6.091317799611328,6.382920353407971,6.016889425332969,5.716666599322735,5.790985370236451,5.943093066172055,5.317630922013588,5.800618510696418,5.4007707830503,5.1639744592597765,4.815732332359384,5.051857129633434,5.324033607455595,4.75917823518627,4.896173821051301,4.862429788153005,4.689463825789286,4.793323814015221,4.438745782895329,4.727309973694701,4.186533673410308,4.763690159401552,4.254076480926019,4.659045356752667,3.958576845217811,4.6655727772166395,3.9916136508186697,4.098219379487762,3.701803796378278,4.13637460193442,4.000273995433628,4.11170687065305,3.9814806991287854,4.086426685377959,4.09089771893652,4.4207426200248365,3.563733879080976,4.302297441467338,3.660805349873069,4.066600259877746,3.716322580403652,3.961666488245444,3.8013546239025917,4.15006466627432,3.8532352495736784,3.777993497448045,3.731979818901361,3.9633323703163033,4.039978965225944,3.9388646774056104,3.5047662968980173,4.245637889353874,3.8600480150648737,3.898486753905506,3.793110557065038,3.9783859234148053,3.8138860769461247,3.935436719936945,3.9826863484410597,3.873585413376184,3.411293830558039,4.297027929819505,3.8506978521775483,3.8223872619262,3.5890202412288663,3.999637314338862,3.7167876081743003,4.085201544334805,3.6767129016077784,4.064360991095508,3.222374324495906,4.641815010554474,3.351033848884206,4.312932520899928,3.3754645643321193,4.333890690867173,3.587279731895157,4.342588707019271,3.7207485686071866,4.170538117412172,3.759815781149085,4.548641063215528,3.9475447312012966,4.532981779131424,4.272598374793312,4.489897717987193,4.0039270760025865,4.595630231397234,4.295950838640958,4.876040035720612,4.640047471500009,4.96861660189617,4.890803780108696,4.9558275261785285,5.086913279093188,5.415055851972047,4.907556997388608,5.546404253497413,5.076106741880074,5.655267714061778,5.226757949848356,5.839483272049889,5.464171274246964,5.9191845097315205,5.619649497090532,6.031568328851524,5.660560044334273,6.276046512549121,5.853051277172443,6.3309000043384716,6.067344701336697,6.4221583886087545,6.323898069284235,6.656310009015722,6.657414804442473,6.785770203536373,6.923951141804763,6.870254438789558,6.877062118981651,7.063045314257028,7.108056829883712,7.089021895878633,7.364861275117529,7.305782880713227,7.352783414266688,7.300026639845837,7.590973465844671,7.496134789373408,7.59735300008362,7.566001881505356,7.638312467983916,7.635657381896543,7.823902562057281,7.718162644297497,7.886908097714178,7.82413326588148,7.892154516136887,7.790772075598741,7.787961473885605,7.754742690535875,7.694157573121281,7.818003066928738,7.761699583448152,7.857125337986888,7.807351284424457,7.86769582357412,7.90314099547142,7.958552856367694,7.971162103104087,7.9978507556036655,8.018163259925,7.940866730168143,8.045275647092291,7.988855381926203,8.005761124064827,7.84233246747093,7.966123484076612,7.887911575247215,7.9363277129984064,7.972147944352271,8.040833453579486,7.944921945046315,7.952338718307817,7.94191791287312,8.104665016552113,8.022015541430244,8.158087669300526,8.085263945964776,8.222943585800618,8.066470022137889,8.018391858969496,7.965611884507032,8.14077031748058,8.177779555718095,8.164595913329773,8.198613849577175,8.218252049849049,8.096438659128413,8.060139778537355,8.183799115597882,8.149470872349717,8.140818725015649,8.103396997872421,8.240216504946963,8.16693402233222,8.230691791951337,8.224590665741504,8.20582550855042,8.172775739619189,8.229443004537986,8.232758457122051,8.252345826557518,8.155239706460067,8.264709492583439,8.247147622999416,8.165790543958225,8.202456919114717,8.198193812800252,8.218113815720805,8.0413504127801,8.108627085137792,7.925518751034194,8.145586698466593,8.007752213400469,8.216276159199566,7.980593853370898,8.072931013034337,7.993965115455592,7.962735503587553,7.854540312226543,7.796424872769656,7.79484632245885,7.601342090490887,7.368777852455768,7.269119098565224,7.268884804146358,7.221500702292343,7.390410867142484,7.171010932835436,7.3391223739568705,7.5155854648599965,7.380116101681869,7.61956922284482,7.48966465703832,7.549788936522472,7.394217277934458,7.363304303588029,7.314913673793582,7.148724727562312,7.19463520041356,7.233269177360145,7.2563587922245825,7.09763959881073,6.846429480984804,7.120280971901176,7.266973642266039,7.164246155197417,7.133039140158018,7.276459361013639,7.2257238015718706,7.3962971719882065,7.434813261396865,7.432899216582681,7.250635203720686,7.44255873097727,7.448070320516508,7.369544437827225,7.341065334227551,7.538599761362801,7.538511137870755,7.595724797650854,7.628754929934311,7.611797977338227,7.608281478794905,7.486408297951947,7.456166092298608,7.701978794989788,7.688010251938047,7.776506840616146,7.783237618833462,7.784327989962565,7.9607491106601955,7.9891452020794675,7.924220950991528,7.98711737815445,8.14382962075682,8.17415110580312,8.065329476265848,8.078437570968324,8.230217041435331,8.15548912899723,8.226565012388543,8.263393299986289,8.225209412045457,8.288472460174614,8.2507793158867,8.31845323504103,8.277928451943822,8.250202851203882,8.23899226609306,8.323173516673647,8.307230320867763,8.36637736075712,8.29760989703858,8.311265168587358,8.308108631509036,8.362214378753357,8.355602674415946,8.295963105584175,8.273724954981969,8.378045166415774,8.466850458985805,8.543788656184129,8.544401515407166,8.612708703462644,8.565990663437782,8.470523266253672,8.436979901736283,8.390044299035013,8.387559935484694,8.349581786074355,8.401004733952373,8.282853913732485,8.32014070550134,8.352616714846024,8.218915937851795,8.181245848067716,8.27752049390381,8.291704141555034,8.278096120740898,8.344076697776705,8.335286533759588,8.475442377470113,8.560738644992611,8.400018214161186,8.464656146896681,8.332056905200385,8.457554717447287,8.326303884905442,8.33113635053081,8.454874422481893,8.378046276482433,8.484826640544139,8.351251916328126,8.416118288404919,8.30743015193069,8.591370290663704,8.588448096166044,8.916864067927612,8.743434166830642,9.00037099972987,8.79386357010962,8.869970930983921,8.651970366380787,8.690174569996683,8.871885312485187,9.208693602966752,9.209638778126477,8.957564580842531,8.905709178807824,8.784856451877072,9.007859094060635,9.073953651792046,9.150902557276797,9.79336133900718,9.477292446570148,9.534731534860704,9.394107506225494,9.452275528825496,9.271431904669528,9.185540103359756,8.878429864781587,8.879841563619351,8.711212763229064,8.841247727304376,8.72507381288023,8.454177368596808,8.3151064966681,8.590969869053602,8.628279773622431,8.444825549577352,8.624663103047437,8.837600881007178,8.777414652296951,8.698342485368862,8.846304381770691,8.59420621628096,8.641669001049973,8.70930359210973,8.613333763984642,8.496586364653572,8.441237246879986,8.676036534203826,8.617717790069669,8.567966863533162,8.621809725693105,8.61372944678334,8.716076930413633,8.643632689352758,8.710227651029504,8.737263994590988,8.6298159126394,8.74505144300559,8.809801909361644,8.624513112922807,8.7225913376004,8.745123900819248,8.684322538749925,8.821812898564763,8.910161065968362,9.013120286885327,8.91465974464701,8.962578232699682,8.897813548000208,8.835100222026607,8.763864245383678,8.982108727862736,8.882650103947757,8.9102734107493,8.98762850418841,8.881730987021378,8.853684386668405,8.769467504426515,8.79003830759009,8.863738493371432,8.842309084769017,8.867411411201259,8.809747624766691,8.785373804035276,8.768444967164335,8.730797343646785,8.638486338091694,8.643169162209755,8.559251135244644,8.539261290446534,8.593843099001473,8.592326273342273,8.641934443862787,8.605650101072765,8.532374877828783,8.501808758216589,8.457548818054288,8.493445950892433,8.64293989981213,8.921931022071888,8.974512399129248,8.808127582940882,8.790236832021414,8.760190719530595,8.778597216989523,9.002230252173407,9.004190501642091,8.81117937127748,8.846708708225428,8.823275650419903,8.836799164211056,8.904455272151766,8.781235626122593,8.780909418036838,9.009495083286104,8.98856757728537,8.897221019656076,8.995009053178741,8.839748938974601,8.789184874921716,8.968987963108024,8.878317603512345,8.857601143276929,8.89579794063387,8.91173821253856,9.198853755408576,9.195577625675735,9.402605763354016,9.212478901335647,9.190488963543116,9.100662956169485,9.09185995045272,8.93012712374018,8.885636950411513,8.858437175677768,8.915864820388755,8.899824604402907,8.923319454609095,8.844512011908604,9.090302243639393,8.906280707765049,9.3137783302289,9.685482317830111,9.523591305177336,9.627224550611947,9.927612192087482,9.533494873434911,10.189369311725395,10.528386953712118,10.289495727486583,10.6661619309817,10.179385099319415,10.299508535765717,10.787995922012865,10.493894359056515,11.105090716259236,12.055941564940536,10.839390054160408,13.008423979246679,11.371421603617875,11.767888976006454,12.583882641710032,11.709212659263668,12.78723267073433,12.001255669972547,12.146531911731385,12.899397003614968,12.513769390058394,12.924811923919869,12.353992458285454,13.223216961782121,11.948644374787495,12.675404470848541,12.2621984290254,12.923199936767732,12.622965145019506,12.984146994502908,12.609448476253702,12.727846466923754,13.49167838470235,12.17165917293324,13.48379536909207,13.330919405875425,12.260450334480652,13.512708614265243,12.03078241720485,13.427959937957747,12.821328680931282,12.525071600821493,13.306699322635934,12.396836719426016,13.643158057128705,12.285408682298534,12.988683651370623,12.657278407031361,12.961651316561431,12.817074484291176,12.44078579130738,13.469953166401643,13.048233111339316,12.547417707845261,12.39750560417461,12.842270433340845,12.75266614095929,12.17225793637956,12.154625855373839,12.536650201731051,12.763869164419985,12.548341933676664,12.525394317085546,11.894759953433336,12.422324077991457,12.154537142186117,12.420727141291525,11.703928321294173,12.025574986410016,12.278162663380305,11.765439801632112,12.414652618343633,12.120800937536794,11.826010399737081,11.694483980067691,11.700541325986071,11.509408465769758,11.637085822999161,10.944855552591996,11.050081485665084,11.021486936981471,10.998501837660237,10.81926255554115,10.80819430486453,10.464751686967587,10.518841861650955,10.268027718455205,10.274638776217262,10.282672613525438,10.156657632288198,10.067041947773332,10.090638229271072,9.75078843254284,10.01161185304788,9.792189216512861,9.700005029576506,9.5699413360531,9.317712236332383,9.226229756760087,9.22062208169294,9.358471691079114,9.338333371082928,9.139057687191901,8.995590609481235,8.838938159413315,8.718976299722357,8.691007007948732,8.80376397646652,8.710874804427526,8.83401824654234,8.928559195922366,8.958050907563097,9.051242479259757,8.990026521139455,8.733905486051603,8.729668745437316,8.620567691248521,8.681542064097387,8.661340953308768,8.673937127023613,8.643315985129824,8.596385191852837,8.636349166768282,8.499606136234156,8.506328311368502,8.704011129798976,8.484443625851213,8.642534976891852,8.608750218792498,8.555722983788378,8.512915267903969,8.543466610844858,8.477203594140388,8.469954808155684,8.490748542679153,8.478843913005344,8.41582085223557,8.42505957786148,8.405317572505824,8.432328694734402,8.459694579063594,8.344869893939846,8.309308832596667,8.500308310442284,8.407768361490831,8.369602217103033,8.26167162885578,8.31135471812138,8.40018431559825,8.29638087269073,8.304389830470697,8.333940782008373,8.312565315129847,8.332816989358195,8.434516285794468,8.394703112558142,8.334929126665607,8.274495076068357,8.287342181593791,8.373671245027014,8.387170690471917,8.315092599286379,8.354528809922428,8.347237208296225,8.35706843744652,8.30734916775176,8.291167916270584,8.36496475258065,8.328285314498148,8.40048249811554,8.359553410901366,8.395496939091622,8.422825569572538,8.38850137322364,8.347720120341197,8.297972230856919,8.307401308470086,8.201752987789602,8.269085265096889,8.328597056811356,8.336059334186517,8.225167515703157,8.252803091943875,8.209296215494774,8.219180182415672,8.188271548204735,8.094695148837433,8.186610815438122,8.079715204626934,8.028376580156998,8.083133104244858,8.112613064205885,8.125963135623984,8.246059434834548,8.277469964890422,8.273569799327904,8.23311269082749,8.160571009606734,8.196674043048784,8.175640234869585,8.166466900759056,8.097908325592668,8.174455359817163,8.073438676266612,8.203926189822756,8.1337806962865,8.103181921412848,7.959138269337506,8.095784106651932,7.890897177138047,7.8963127435712686,7.617057161745607,7.708488795186074,7.861575718295442,7.4335064272163365,7.225116129804706,7.11561824026517,6.920473597440865,6.820855137812901,7.006413990403521,6.399587893032777,6.573744737558685,6.639276514511242,6.58748695137755,6.28588962320083,6.574908841592256,6.406001838237667,6.532066952679305,6.145597740126152,6.1546189127210535,6.104001274046799,5.907956121475437,5.863519210771971,5.6390360284798495,5.384297180638343,5.515980643342873,5.331849862588575,5.193684789712235,4.915308475582866,4.9971790695656155,4.4484379956017595,5.3392532463402835,4.96900159026031,4.534240577851117,4.559476696082085,4.740074310383455,4.855321367722942,4.248328880365012,4.339449395737615,4.606593238928671,4.465464336914016,4.271591657227842,4.378360344109441,4.112269074961858,4.4957125739970625,4.057130448894269,4.280736804044189,3.8884147710849892,4.150293421278092,4.35287639326727,3.8450234267006977,4.200201405179691,3.8195885176537594,4.357953346773677,3.963933993317192,4.296596213355666,3.7245151338260656,4.335341496978271,3.583105779189309,4.5658721174439485,3.45657526302462,4.112557797967462,3.5682366767261815,4.57855010505611,3.7434318666874145,4.105980643313384,3.5981931477195297,4.108408307055948,3.9955361909543523,4.292331932952322,3.7078296895697735,3.7400295357902884,4.143093498724827,3.868034688991809,4.095941101042557,3.8748209800741984,4.093657286117478,3.6025256954242195,4.17273506174951,3.6685160202921083,4.432358288303954,3.4172183427990745,4.096146503415273,3.5637632226975042,4.293601456216231,3.5670977382967277,4.2161866512661845,3.7003680906926006,3.90996124380579,4.075330663188365,4.25714143519756,3.869515447678669,4.119199045614034,3.8187265793001313,4.273248848013274,3.9275943183945525,4.546417167194504,3.8681152883172074,4.158904846698672,4.243942530682935,4.697149793682627,4.507756234584384,4.38022891999999,4.521166854922976,4.679206868684856,4.77656961353962,4.811829913635745,5.256051787881498,4.721766347051604,5.403879165194625,5.210600737716699,5.6413348384186035,4.8580746732124505,5.6266359510722905,5.226605778327219,5.988983591529542,5.297100950223401,6.109966782513076,5.49820499705772,6.181058536490115,5.777092133049544,6.2665946473569285,5.876707454204251,6.523565884049359,6.071347123136124,6.715901090119342,6.451778428998463,6.693161459870943,6.57342652702859,6.802652226393108,6.775070148465841,7.0089804586178275,6.710525159393434,7.1795962189945035,7.1799527053519405,7.190556921867338,7.080961891139542,7.489028712720604,7.452577442067358,7.597044592301043,7.455055572918298,7.5623580025803845,7.544347157897421,7.718011005797105,7.567617330964027,7.801758017959065,7.8285952986559435,7.797228013897927,7.862605836802775,7.862491259944306,7.842190557370575,7.898790487232609,7.903920017626749,7.964402800986224,7.990294219880977,7.90010685149269,7.903017214719819,7.909542316805252,7.856318176185393,7.915590967127734,7.928589591893049,7.942857797999547,7.96255745120501,8.107248832100682,8.142111754828745,8.230342328466156,8.181050812151895,8.14388251348553,8.1090591186347,8.182412776371145,8.098604154010914,8.176781211748398,8.084343622146786,8.080934102969856,8.108833300016501,8.209112541611917,8.064551081109473,8.08850110711684,8.003172127685191,8.082681587130443,8.062583207969235,8.124404384057648,8.042176851166094,8.203136867412047,8.135823281665013,8.159477741156385,8.13448966017613,8.217835932645627,8.072680313984543,8.144630143066548,8.175488117129223,8.315719917208568,8.342900402477621,8.367791606813348,8.280080108578929,8.079045334268972,8.132524655723625,8.237620345495321,8.270798274885543,8.253462311175332,8.356083617607743,8.282786292947508,8.30110704701548,8.328061767049745,8.303074891019293,8.358555816581152,8.312570497921348,8.257399186535418,8.301879492194072,8.29781904162062,8.307814692432672,8.37924277442196,8.401680511377432,8.347705627332122,8.320983843274094,8.29994128125874,8.32408872739566,8.32412506763512,8.412580225371435,8.354628914773144,8.391652703198284,8.271330006966977,8.284532773407788,8.328030974298395,8.185025095852703,8.33502553265696,8.165497121770546,8.192053165400079,8.153542523781448,8.260372309602475,8.165876641149312,8.0567321590629,7.96784402361294,8.093908024683277,7.901777705607617,7.933227450321421,8.191581701218762,8.06543359751036,8.052034036094936,8.039297450987302,8.179254347730108,8.183294218002498,8.223440529733576,8.26049148890344,8.279332691125251,8.197473646119848,8.346301158831135,8.113776282217966,8.260184012815968,8.221811354571633,8.101555334983075,8.18705708257077,8.160887245108984,8.211010550909357,8.248424694502406,8.15977631035881,8.23645750756064,8.362285629191115,8.264521886284143,8.244365379267052,8.293844797063299,8.189374206430891,8.317303550142475,8.293203143520891,8.384112600746244,8.380429624455662,8.319663757743925,8.338127684026636,8.30842101991331,8.280107451813906,8.3071066364382,8.371247896604851,8.392666525278852,8.357176320940868,8.385411187113874,8.378318456566573,8.293463417940453,8.367748737248272,8.262127425588348,8.246143271365815,8.33499185791859,8.36352571288278,8.319279384474882,8.339738760857523,8.366071613711917,8.322186098486796,8.31537634123271,8.359694017313101,8.36679922139892,8.351033999357984,8.396947450550885,8.379692858612776,8.351924424033292,8.385275402471104,8.335847542212957,8.335491183671781,8.32981980652237,8.320749667539873,8.336581394082547,8.385027694619872,8.351244397085772,8.38067699468849,8.397028492876938,8.357373547969997,8.361574266354234,8.343193816576765,8.417616188956103,8.390146613532357,8.349345876156963,8.349298961564578,8.363203252238833,8.322671622225695,8.340482237280026,8.30343471566835,8.339963561460987,8.258674434117653,8.332617925574683,8.288379906575807,8.381681345423363,8.219187216709049,8.370581650190665,8.314116643333486,8.324867146407865,8.285496608132176,8.286316887286171,8.259636070669307,8.285832643440603,8.26343616525331,8.321308080117829,8.365634638202987,8.319454045208783,8.344704584038496,8.277749257000774,8.336584487856976,8.262455027999037,8.348630093463377,8.273135799301468,8.329202349099011,8.211905602846906,8.266903165743367,8.248377841852285,8.313120387025789,8.2502043370592,8.34348329919079,8.347355588392034,8.179183022907615,8.131878600517899,8.275800841740942,8.151792262421601,8.20037861436294,8.23013251728998,7.955362085729518,8.028032052886353,7.99431304880417,7.988939009543189,7.940471079290526,7.77240474223469,8.020958481250943,7.862863115241433,7.856158306095741,8.064660224855558,8.075845936710627,7.973696297104461,8.096932134098985,8.04031929298924,8.053425651459635,7.961623633761572,8.146720059352607,8.034592638408446,8.033649956185052,8.115993011385815,8.171425214681454,8.030619814807231,8.193659293606558,7.957620803792952,8.1118214534937,7.884849865838566,8.08817209097711,8.059817383216375,8.050417054096847,8.03026660719575,8.018363171500765,7.9582584423214735,7.998464093107412,8.016869235459396,8.012254744986995,8.130890148544363,8.091882380872645,8.183531973745353,8.15423094309555,8.258555165172234,8.267722478757292,8.103955490511522,8.030810148158722,8.253110492151842,8.14677550308095,8.183451308659269,8.164429924415105,8.245976659694367,8.215776822466083,8.263262595098146,8.247730931198834,8.139732673067279,8.290866301461735,8.238165457646042,8.348561231532745,8.29571865075422,8.289503936703928,8.205958809318632,8.41139497511243,8.43030528539946,8.385443974897877,8.317398498944618,8.35458938114965,8.293415775724366,8.294764160096326,8.328580211081222,8.389445194161176,8.327132708483054,8.333120271630264,8.338498637118986,8.4040272659591,8.339877408409171,8.366398813181236,8.407759813695826,8.435666262089885,8.45025969260992,8.429245459983736,8.35998375841105,8.345382746650518,8.3240687627547,8.325703442475438,8.35535191003853,8.324300942846254,8.312563289098122,8.384443546721393,8.330027010819554,8.300998185087607,8.372543574223906,8.336260491750814,8.332187909057044,8.380512397709914,8.320994088097155,8.380635863218137,8.319838353057072,8.315481761886419,8.383671744239196,8.384877242000453,8.39819080727329,8.334665781382151,8.34840627659732,8.27181410927014,8.388367369567653,8.404509227216854,8.36577229112541,8.396005772069707,8.355642496521265,8.387551325752078,8.376249707594194,8.392589086444728,8.453256435358576,8.408560031346656,8.428717296031914,8.470977190878852,8.393960507793032,8.39000813334403,8.392167317812943,8.423151711869664,8.421274230877549,8.465280106953955,8.45062059160476,8.390496446058764,8.390107501909746,8.423229579847916,8.412651075759582,8.401955202549376,8.360772665437922,8.366060507229209,8.471506860118039,8.437276956952788,8.38946675767345,8.42831191581828,8.402568421290866,8.4071496194989,8.42342413228625,8.41793195191925,8.463872035366162,8.410747777858427,8.389569608137622,8.453869466699338,8.400882584975712,8.298468194414541,8.305267065914029,8.32898608200872,8.368697454856388,8.374316628865579,8.312789883060992,8.258470363055034,8.319009522322245,8.358989195257106,8.339730522573605,8.347654285832919,8.404789023815333,8.341954870630667,8.357634701166914,8.341046671305463,8.333438609029777,8.346524886537022,8.344042435108364,8.29774471276594,8.275036199029215,8.309820957124845,8.281926921761276,8.316224301268027,8.304817682683147,8.353096292858623,8.356139367047376,8.41431816572012,8.355638706634432,8.346807439230993,8.317777227788843,8.35981331006778,8.343015604393237,8.295871569068783,8.281171765249834,8.33060826677052,8.368427198819496,8.285809216919967,8.277694965309143,8.265522902874887,8.256178826761111,8.284563257136993,8.337792852797225,8.356295404822244,8.334121629643866,8.306474145303161,8.289776690892555,8.189243902132526,8.308874654710904,8.266232205775246,8.272725946350635,8.338925636686996,8.29662109176317,8.263053120604397,8.242343588743038,8.279808813051,8.333374918384157,8.332083515591599,8.375403219588712,8.389237968844041,8.380565091079712,8.359718766637759,8.319838077022375,8.32001499791784,8.296885172754207,8.286616757350654,8.324414196411759,8.35401495447071,8.354741749224864,8.356900973749958,8.33527959101522,8.284032911222107,8.308171251683175,8.304267085466215,8.356423184351677,8.351206221987173,8.367387227431552,8.366716659489699,8.403813951408171,8.461839214746519,8.4268817524022,8.431600254938617,8.438301496428117,8.476608687347412,8.409716932220995,8.39781183472523,8.445287385835922,8.401936952063494,8.43013378802841,8.418695499805413,8.504533701340346,8.418325975287386,8.43362048619581,8.473260705398074,8.448097238472341,8.378424084565282,8.381206755532563,8.317115211413853,8.390707624379225,8.386630902236007,8.374400288487465,8.368707137989492,8.364906891264631,8.37331031410178,8.342523946665839,8.323944582861529,8.387258746071398,8.364658457237907,8.339827826895432,8.319296798623778,8.299980204474792,8.354308865463041,8.423641412161903,8.3912639193066,8.392960963655874,8.30517397017838,8.327734718738736,8.356738371296466,8.436318860931001,8.511158184461905,8.506161271465622,8.419935867736726,8.398384637768991,8.435094239638797,8.42530073587937,8.424546702291497,8.34694748920077,8.403734914233588,8.420902985517547,8.46759607261201,8.467506372888252,8.51713651174368,8.568183026701822,8.41842377798786,8.402679694566555,8.49786477841591,8.472769477755442,8.570274181293003,8.488403005531667,8.541497454551658,8.542201946160436,8.648632710866309,8.648168478423408,8.602841994666173,8.774401164424283,8.712586960267885,8.639009516645832,8.587151935549132,8.64309035009393,8.606608539527892,8.540397398440778,8.484011974275722,8.53978919116003,8.566175662923284,8.620134509016438,8.597857595823385,8.588182924684748,8.620497033029473,8.553314747728086,8.533816368041238,8.528495878136395,8.529765971118263,8.526162404000438,8.517183313329383,8.579560165290399,8.67130803098125,8.72739392801342,8.618763855836965,8.556615595707349,8.610566391904518,8.607974022311769,8.487285860461792,8.44463358206363,8.454785345002687,8.47603306903658,8.476122675357997,8.52550702137561,8.503280205630377,8.4786381568356,8.510540048020571,8.497745032246835,8.497643419203028,8.51077552979035,8.457779216232389,8.4440682706066,8.477999886462143,8.405272615357912,8.409831025993132,8.37310744087366,8.428985012454591,8.371619879651496,8.424962108052947,8.450863132417812,8.457256242164089,8.446168848445318,8.453208368678256,8.494021109996043,8.47986714594686,8.419888093864223,8.422534183409676,8.49731588500706,8.377417906673305,8.295932539889268,8.415277562548086,8.462090760168298,8.21109576362805,8.323936889075354,8.042448892515765,8.267143633269384,7.736268112586494,8.124226889532672,7.959169343891545,7.854379134603457,8.103317176302266,8.045249469677598,7.6590482196087555,7.770317272093759,7.507800968598255,7.858231397058496,8.214190477264724,7.764053913496118,7.826898511798734,7.588733489421811,7.951961700824703,7.5297530336103655,8.049466061514483,7.778966312768553,7.951880159281805,7.321069756412563,7.674357612083346,7.031806305325587,7.42687681905614,6.920983686374187,7.1050419501510085,6.66094683828453,7.2760298952242906,7.029705562970287,6.999587559198644,6.650688736850083,6.435207523295344,6.123734274320304,6.279047303583162,6.161027309382333,6.140035972098509,6.395711346548048,6.027640834266012,6.291309366157898,5.510618880200204,5.993469938693258,5.206010061181157,6.007647797497921,5.144805705482145,5.931865299620356,4.950010076002223,5.566682977614307,4.723154773201489,5.501153414174919,4.499881070122749,5.447017982928088,4.462741620047023,5.10806028078311,4.403501785723497,5.092529751245561,4.190100644074074,4.707689619478776,4.4137178583086225,4.761376323169102,4.676863892994207,4.475624063876464,4.633763287956833,4.499008873403078,4.665064517945679,4.115808259903768,4.8298330134588054,4.211840920476248,4.956984815043405,4.566365060741087,4.75102758259358,4.170577083593239,5.236005138860402,4.5280433431686875,4.8101277279419286,4.498808535478703,5.188596144647655,4.700402993635901,5.054163021030845,4.7440414356409315,4.550919201743485,4.529364992103855,5.009942668924736,4.716114795172283,4.886588710745183,4.696116676771397,4.7366842536814575,4.872052935085576,4.649640844281149,4.7122801522444995,4.451000721923392,4.330067996994287,4.7135787191909495,4.791981970819962,4.514858740288769,5.0180465330323285,4.388207999280038,4.510846055521016,4.3168235077740045,4.882316183008572,4.2743208795444465,4.899433267617916,4.4255312303965955,5.37551195239028,4.56022124667963,5.130443478041958,4.581807028336146,5.069090720205576,4.5712517819770975,5.387153924919359,5.0136504373544275,4.989584254787001,5.239929624559985,5.5419371533409425,5.4494329939565365,5.351512619539481,5.488545810777389,5.629914728698013,5.855376593056137,6.153251007501966,5.933032249420263,6.266205013678408,5.792661293937519,6.7957159361212165,6.113434855447463,6.447431747866792,6.153803806266127,6.71061589378708,6.27095923231449,6.945965739178157,6.706692767978332,7.262881594570348,6.850635287698044,7.4451665324453815,7.215115693029942,7.354788709576236,7.3641517552748885,7.327054731744957,7.536031549392883,7.464685975483922,7.6696224216573485,7.595780227572339,7.8456723803530055,7.678022473730761,7.808742584122026,7.8206839689395,8.020380474968494,7.838360997612269,7.867076084997186,7.76685598558435,7.797369159624593,7.750099146251248,7.847352965284752,7.6843413128160485,7.724257836282867,7.73331473010281,7.836234450770224,7.9209331225433,7.778667626792247,7.794124083934964,7.740024351977426,7.821229462545977,7.823781530327778,7.792282642779554,7.766868244574088,7.883515802744458,7.886150486871282,8.052636417789998,8.103083836968668,8.123727323512227,8.116135159904749,8.02613895885335,8.037847075370752,7.9284544447964596,7.932914432447085,7.996410359751114,7.892033591225425,7.9175349492408875,7.922219430838393,7.929969764204377,7.821751867180371,7.775402937840352,7.816493896410481,7.8801057557171745,7.897942881059514,7.9039440979218645,7.923595571905987,8.017106103819476,8.042274857486278,8.086888600230829,7.983048520024547,7.964363299283812,7.986498084917346,8.125569374022687,8.14242877379214,8.123374796804653,8.161557594683632,7.979273614796491,7.984283383285308,7.938125539721602,8.057025026261487,8.040011379212752,8.061055649194548,8.12192714443119,8.191032610779308,8.125422449532577,8.141850121404655,8.144971931862324,8.178419359132327,8.25797726479979,8.243798460864141,8.1995264414853,8.190181943300791,8.200041218657658,8.302723724280163,8.242960407670267,8.25383133499106,8.41103162279041,8.342028020756931,8.322689060616918,8.165357920086622,8.291797327447362,8.34617311138814,8.292698381819442,8.317048944380746,8.29523716776786,8.31374462310379,8.372120809961721,8.325210984150559,8.420275579361856,8.33989917080538,8.278841124928237,8.190732847123087,8.165010761201062,8.278295375259273,8.261326185610757,8.28261800808055,8.27117114915201,8.275887662797846,8.340100430419348,8.350849946422182,8.311174218590981,8.252588813222625,8.336548441831633,8.23917047396922,8.176067375132494,8.256793226647803,8.255061237273418,8.234938181807898,8.203242512635567,8.222156923214586,8.234106260185742,8.249005655675807,8.22328513659691,8.25964977974692,8.309105510154419,8.232188741575607,8.229987413321302,8.185486506341636,8.253902428100497,8.288681177545017,8.235573622162134,8.278849828635954,8.191722586538322,8.252617821620458,8.183680722626537,8.261214920935833,8.251574290661752,8.293465521723643,8.243670288498194,8.270460787705757,8.316870726972498,8.31041147463178,8.26805782644698,8.348401374241018,8.243231365612388,8.291690816335992,8.285368784821273,8.274385464570166,8.29234525960093,8.258539713320003,8.244112030930497,8.317860761523857,8.32013948289366,8.285029883782059,8.345562969159015,8.222786651539296,8.323075597688236,8.308309667996742,8.362760941913963,8.285566294124962,8.331757879174926,8.315103201811814,8.346183129680954,8.347940137313358,8.355781258974837,8.36173846380008,8.35469064464947,8.29872569841487,8.328477766445518,8.307731233501487,8.30629654211612,8.230697522565402,8.366380981846392,8.348535829937695,8.306244117689,8.311972434904106,8.318814585596934,8.432423597738756,8.255187733072468,8.270262739087135,8.272775615599619,8.344437537120335,8.325733411257767,8.374407636063784,8.253828410074727,8.324668296763354,8.228928313657322,8.345479901667364,8.168026945979015,8.306036129413783,8.326741311002202,8.351622646773846,8.27557310331767,8.301345584803872,8.321878280096366,8.395737203514814,8.292434730438195,8.345829964556412,8.279693734577537,8.266890553894132,8.29793472377272,8.349886358181626,8.344165611664444,8.372893829747715,8.328330726550572,8.261000971721165,8.293762832546287,8.293196546991036,8.181611176432721,8.349178627847374,8.21233731881404,8.299622984828108,8.19364363613227,8.285122872252629,8.209005544117332,8.299089507504046,8.38417791262889,8.354829144893825,8.289607145266286,8.337913147845917,8.268324566317402,8.307658827669599,8.292693138571137,8.346959365295858,8.316749031941086,8.24797886745693,8.213303481034615,8.297825167120115,8.271552469177783,8.252744870098919,8.290442266381957,8.363283625572599,8.364393398670158,8.335039974131302,8.293455052307486,8.319817992641271,8.308792045034147,8.337298679800384,8.302790735630929,8.307534665946529,8.302686934384196,8.329222652378172,8.324610624743306,8.302133968255161,8.217887593220599,8.28275897735884,8.32841977351965,8.26015015929626,8.312860731041669,8.262955864865013,8.357424986289494,8.228349417151563,8.30296358096102,8.33656144326707,8.346458715383575,8.312326346330023,8.313546833914385,8.327418826056324,8.332802978429623,8.313802281279727,8.389654521375574,8.375756229783088,8.362621383091115,8.368153751764126,8.344094341193937,8.230827577534743,8.371287449273892,8.222583246186055,8.355892000111432,8.325020872537658,8.312275577431224,8.322565077679842,8.297469588673353,8.318977671565168,8.326428989322537,8.26528189367769,8.311414252670161,8.308072184465505,8.31612580432245,8.307946333830856,8.25435910839276,8.34861563340915,8.31301440233519,8.398433890297689,8.3260765227784,8.286922356990777,8.265996968230844,8.39160951272273,8.377513701861403,8.430718063271284,8.375639239243844,8.430145834858209,8.345555312565208,8.38096482080096,8.321797093820438,8.218056322514691,8.237531891271152,8.242866038253212,8.266175617186033,8.334796407652698,8.35472366040261,8.419685839108801,8.314505695706846,8.38909587090058,8.283669184112602,8.308328395743535,8.28325335590323,8.292481846252137,8.277264417551137,8.296261333871312,8.28764726631032,8.248030044507846,8.214764085660368,8.171777143880405,8.284921698492631,8.12365033711461,8.2703614753733,8.18546896925816,8.291476353082485,8.358234167496354,8.292572840598092,8.26436214488154,8.202450039793417,8.268371550027892,8.238639190119372,8.238854142121651,8.219125424308382,8.235472485918232,8.27118863436082,8.300871430823259,8.309122467438371,8.319174967684463,8.331651491589524,8.289471958565207,8.2771259606971,8.222924005930924,8.246303637453035,8.286864833814702,8.27084417622225,8.295335720448435,8.372467584537022,8.312511465481162,8.312116593757324,8.230151825846784,8.278867283735103,8.234274570850335,8.295690250319108,8.247890624954977,8.361386589931005,8.2794245762114,8.293986151629738,8.23249187981864,8.268595870390214,8.317891303917072,8.306248920882732,8.297516930961661,8.375892787409626,8.327769081095845,8.346175833159737,8.320273056958483,8.315848253673554,8.331231267854251,8.387663970390944,8.404472009578399,8.470287068264238,8.355441770503909,8.35096543449597,8.327346541310341,8.329238808510505,8.291537679104746,8.335840592325345,8.262067043224029,8.30931219665488,8.27570333711026,8.259040448150278,8.24514113085033,8.302789028060303,8.240524312412978,8.268207036421314,8.278818005511217,8.317902353216574,8.28986381763281,8.318364246754587,8.363414826823078,8.42346019216036,8.351981504821829,8.394544822631083,8.387886366328836,8.457023618157631,8.415254298114828,8.388264925891214,8.422106014668621,8.456880263254657,8.446282372853398,8.352118020003342,8.37445060534557,8.439512107788264,8.424804834301263,8.350567812348396,8.345703125378728,8.352915604539827,8.33072631684752,8.392535206672415,8.364217298395612,8.331166503361107,8.389900436361,8.372880065405422,8.34192113007573,8.350291547264584,8.362600845286302,8.290619017497317,8.31051732149595,8.38997935860572,8.410523587643778,8.333475804740242,8.335460957904958,8.336166024125793,8.347772716010601,8.284698884861223,8.356830666946859,8.293279732169264,8.37417653983613,8.362622900918737,8.360489623045229,8.345643709573574,8.386731433823385,8.349573341763259,8.327154064161384,8.372876601160185,8.343248730135763,8.411500258354149,8.394518689104967,8.427255761517822,8.379536096525058,8.466725888174638,8.302589179437287,8.361376711294666,8.335733416482487,8.38678343143934,8.338107838092052,8.418892018726705,8.428546853961102,8.367172120955452,8.346114437022857,8.385030741618626,8.305407273696416,8.356200030284613,8.349344869057328,8.396647623462282,8.360591952718474,8.334859445068666,8.31164894285766,8.357125846791693,8.335877996321448,8.354502622528614,8.28116337912777,8.337253157521278,8.364373100252502,8.408001082825153,8.306138221189991,8.35375951999487,8.334681435028703,8.37589659017665,8.332722622348607,8.333924349706301,8.400311241556569,8.406340099700406,8.366540718923003,8.320828655657039,8.26314996664101,8.326727984358236,8.32468259277442,8.331337824754097,8.358408705160633,8.336004841273331,8.310176761529087,8.309683062482305,8.357003366385266,8.331561266348377,8.343190588417142,8.390176320482656,8.38637947457531,8.365117292806186,8.270561527196929,8.31565696758838,8.308342317027652,8.353508704585634,8.304150421052851,8.332202022021317,8.352376243529521,8.343509641095675,8.294755635183916,8.32824379582578,8.370542894314655,8.387858600087144,8.388208860323445,8.342779834192857,8.349558476388134,8.386810167251767,8.340144598923304,8.325119963569247,8.372952326719329,8.385563171819463,8.34312035079734,8.343422294097632,8.385140187648737,8.411347160736709,8.348046934084646,8.406298266809113,8.342996806536481,8.317128258144162,8.377573297933356,8.24896483127182,8.306501518196107,8.281968662190863,8.224404826108357,8.221653850522504,8.269255881706863,8.252022094200356,8.31344637102136,8.225179124299117,8.285249739570224,8.347795800600812,8.301245492851972,8.303641940491886,8.274412225672656,8.297926757225447,8.29384069437781,8.33947267954392,8.313921094831692,8.309444846572966,8.346532992275112,8.341744396152587,8.363670299017482,8.280979896473378,8.246534460467897,8.281474150593073,8.260667418862374,8.274544619458407,8.376322457247092,8.300217115335778,8.350671255049907,8.356440900733375,8.343976186683081,8.345773472712986,8.361263401966221,8.361884530011245,8.36903818985136,8.374085776760854,8.286331097499147,8.21702311703624,8.258124483499357,8.316933851658046,8.338730656068453,8.267295170255617,8.255831740281224,8.321295367648505,8.34840583552295,8.383264935409331,8.398053960252232,8.412658925500377,8.352642552761042,8.378683507374168,8.298430863299087,8.371638406688957,8.285318762708135,8.315554345056094,8.109277142016207,8.153158095769264,8.03040355195756,8.25143830292081,7.8378145007338915,8.03526594299046,7.689309833991955,7.764837144749851,7.7300665659597065,7.629604881231976,7.455814243718043,7.382486247005866,7.270106847281563,6.993553353263991,7.144597345838939,6.5763874244596785,6.907000237001723,6.681403544386845,6.77838559867969,6.366720786564982,6.967629971465403,6.503043293440713,6.7242279238409015,6.042894615652041,6.667009537681004,5.942576681079033,6.501719229187192,5.828775006355719,6.172119359457866,5.200693564523636,6.006188214317275,5.536085778224905,5.645616903362488,5.030954822064384,5.3260263548558635,4.732821809966122,5.5538309955410705,4.71930463707075,5.211590308640159,4.557838655137462,5.1019516717239055,4.534501720516325,4.76781972373526,4.431340963391903,4.859398928773596,4.489673654569008,4.442014047706816,4.6503197470385,4.47908613638177,4.26537181096152,4.723118024350461,4.563819969249894,4.563020613177996,4.689937837077311,4.959649074935983,5.442018568062539,5.030347508873488,5.394077150320329,5.57937346691111,6.264528626430158,5.584802288509289,6.79024069018972,6.2910973772003,6.03827420368946,6.3842633609070125,7.029753327285866,6.152629658170046,7.318123743945415,7.02389247982452,7.879457309610822,7.654475953031013,7.939129261431897,8.907176417751847,8.091591507346982,7.992908157256112,8.68488383429279,7.617328731945399,9.4297974705013,8.170597199356795,8.212223720975832,7.868431276196295,9.759782894525353,7.201062510429565,9.175632677964543,8.031198865814748,9.260157320878145,7.9179777149499015,8.86492417516341,7.462798766062277,9.058350227770074,8.046983454638774,9.076068929607658,7.898865939031035,9.726382533443768,7.155500782916007,9.459460410528493,7.608458632362689,9.772137508319366,7.541789486782309,8.509144808223148,8.520656889855541,8.714307722981697,7.996715412034333,8.793231895860895,8.204630940353177,8.89037487308649,8.810548011243021,9.16328489200366,8.293141931483204,9.50105583042526,8.730359584276243,9.793588389341394,8.153928918285908,10.160361699957075,10.124262772990996,9.62661512274449,8.906238998353158,10.215548294965783,9.743459350514833,9.962407244594441,10.338405175583112,9.728223424853432,10.167475728426734,9.718092746191333,10.225627355041587,9.536181282444533,10.707198441933517,9.210798204836113,10.437264449029835,9.504695303395067,9.71671453374126,9.706376450962063,9.25426920024832,9.943763477724652,9.155959281364131,9.285771332645465,9.60698644628902,9.368754122677867,9.989412738230687,9.583403320686568,9.389300085470689,9.387037589947369,9.310411575689589,9.297321251283076,9.298722338119198,9.32317762706117,8.997208998568034,9.059126180081305,8.793054833776926,8.693198701298474,8.827172192015363,8.748797899155555,8.954455474793589,8.944221126001006,8.877364729802734,8.875468813373384,8.653901462915032,8.631362523959629,8.453959218875184,8.503076187057099,8.449194477965735,8.283157156870379,8.219317409914598,8.294051664272935,8.051110828324834,8.27692205035282,8.18026374712275,8.256050021091156,8.2353406004204,8.297741374393604,8.268031266631239,8.365789337574185,8.373963057423621,8.422747518910706,8.290552183540218,8.25736143623633,8.270716781058958,8.271068261095003,8.133472902222216,8.350692827656545,8.31946044244492,8.216271735575662,8.146742568883726,8.17499189656382,8.077209641851166,8.195033233963564,8.131159040361323,8.258902583039976,8.21471187676923,8.294217147782126,8.266208976662398,8.274505863088793,8.23944505537083,8.186511105933839,8.291102372996189,8.416496691588923,8.423919125019253,8.475891818433679,8.350191206374816,8.341993530645647,8.11257916250886,8.312002104210347,8.315865467457712,8.27678041736284,8.359632624556921,8.36548469156181,8.417016436030767,8.34572939194893,8.387781677154504,8.41464613951431,8.410791361245005,8.371244573538801,8.322964234302432,8.374519569786877,8.37596258631596,8.341481752299384,8.344548165720568,8.336545455340907,8.384996219558321,8.377066601670027,8.332830256849208,8.32392525190176,8.370577160764165,8.3048342927747,8.359857922002353,8.319842977902532,8.378462074679934,8.386139784270577,8.3871873092108,8.230234550434776,8.375370792319679,8.249985018653476,8.322158317980348,8.269542372125812,8.19969883005134,8.214908024269768,8.249966629912757,8.203764608311458,8.332197304686211,8.184571959838884,8.344698499614985,8.192573980229588,8.284524051590502,8.228491351545468,8.296064199373738,8.280490277695149,8.356861117772437,8.2768488506476,8.365569257211552,8.31519089308256,8.293726855684064,8.302941698927112,8.312479577466526,8.365660678759829,8.27189108550703,8.327803287456424,8.327878010176734,8.351059108205751,8.344420048135014,8.424628604349358,8.40903861899083,8.395517820777982,8.374583646693878,8.393159127157793,8.402251065635733,8.470844468089432,8.404675570392662,8.406702394389226,8.396075879970244,8.33764974159343,8.371213053163752,8.400855806243285,8.445466979445568,8.438428764754585,8.526713741693325,8.490112877769075,8.45436372941514,8.463303992703237,8.409153819020517,8.383882076150417,8.375741157915122,8.397668572814814,8.408746969626897,8.423308576523937,8.40191022240711,8.454295689032092,8.411109916145593,8.396575800368241,8.381151631289773,8.357579273620301,8.404161037352546,8.408745878629066,8.399472440198675,8.404323488163442,8.407221055460774,8.416247763095102,8.410344831856579,8.39144010488098,8.348281694424019,8.37355547229448,8.351329593580827,8.37045385351093,8.381666920619695,8.381208595192671,8.351494680793635,8.38680246823156,8.364025372929552,8.38173305123733,8.348752500462956,8.364586859151402,8.387036019202002,8.368450229560636,8.374174876619742,8.364540790013647,8.367443601052889,8.374207323986717,8.441831052221037,8.403839558047853,8.455946055787294,8.416410313049942,8.343215136445737,8.402879560400413,8.438822775745443,8.342605263191885,8.497238204867259,8.439274858871153,8.467261025334388,8.433235064904817,8.407343357938021,8.419943604396336,8.427385332036442,8.3779109891892,8.457941251678072,8.421521496685832,8.465653771331212,8.405360068731621,8.432665469103172,8.400365143224276,8.44039631264904,8.398012410040625,8.438626716049999,8.365970052649878,8.413109211397035,8.388078491591527,8.410064337669551,8.44129849331142,8.40441767303893,8.340721242820523,8.397506684704364,8.415631942201086,8.33296951143691,8.354048322156682,8.353279892366059,8.386927560243436,8.324998433498344,8.466115056426874,8.391565303729527,8.466980594575084,8.439032625613413,8.42418737403737,8.41247612421555,8.403958123639837,8.41260865393249,8.422495260636001,8.4408699745514,8.44411105956105,8.438516986292466,8.391562796981685,8.408594758893974,8.393380613254061,8.410215787334979,8.473985762970202,8.43349569882886,8.447173729833827,8.559491518430091,8.66067022462064,8.758810776152325,8.732991573248668,8.876966691414504,8.951567857672138,8.938947227873518,8.860236904049902,8.944846966165725,9.091832637234267,9.094384324924697,9.501172074230062,9.333065843029555,9.043447873989727,8.995638375688953,9.093317066097308,9.218319481747834,9.23503868529727,9.281618116788245,9.075345177060601,9.23217178243832,9.407631960787487,9.525037818822685,9.386111295611274,9.438811871937151,9.319675600008715,9.28953828039733,9.249739150918696,9.19153303373759,9.301118050498564,9.340347311903399,9.160357407970961,9.240057852660915,9.137999830196287,9.185191017074187,9.15592623033249,9.106198136244577,9.00431596939606,9.064663737692547,8.955811795174752,9.00649966471051,9.074453806319884,9.273950769353334,9.208620045587097,9.066708281437544,9.224609656260958,8.956550838888301,8.919221634302897,8.960612474858438,8.993724481059848,9.05165776912277,9.062931659130058,8.933117670437,8.964732575352913,9.011146306913956,8.990170235560885,8.844416212985902,9.012565838258391,9.109117679010755,9.039507058064132,9.081454508226974,8.982729821118204,9.040104825423708,9.127733432684701,9.101543619108064,9.303064997127887,9.24665364829046,9.228559845878419,9.184252794693831,9.029977240959791,9.164339444555019,9.09838595288494,9.233992042934199,9.061803142462535,8.98816926707202,8.981984516570023,8.871209259900873,8.874412512701614,8.840781957052325,8.866360861236839,8.744549890469438,8.905014388497596,8.898728494072943,8.846508952539091,8.918686266845702,8.85740844576308,8.889894081998294,8.786780663422919,8.683409277816912,8.818221381149863,8.82413740342637,8.910386764422668,8.668211647911606,8.591710002829,8.640040873947232,8.589289903567783,8.610037783069213,8.588616999044694,8.58592110198611,8.634564971357262,8.61366293328037,8.463666369376384,8.512176962794415,8.531818783159046,8.579619819583982,8.541929490032285,8.49841647900795,8.359754880817286,8.402578222185053,8.42215947767408,8.453727148009143,8.550843462377465,8.512640819979511,8.5276871460971,8.515289105816423,8.518974147715285,8.431864716910436,8.468215329099126,8.44851397985281,8.490092040008545,8.527298565326868,8.495234176098979,8.480411358789219,8.468394993233174,8.443178181086346,8.437287104564398,8.46277326387973,8.416390400814503,8.451876400408015,8.479402281704038,8.458035856137663,8.462812882807716,8.41930465830644,8.43092478602813,8.426549369261279,8.450634597709081,8.430060960717178,8.471109304373762,8.37590980665447,8.410798915793798,8.419855460069753,8.377726419355401,8.364008354099148,8.398744613539106,8.389357991159573,8.383253385444783,8.420812614845723,8.431574579148233,8.412996182839066,8.390171163516731,8.43966484016893,8.412139809040031,8.41259079354038,8.439210496849059,8.432087507668562,8.406342523467407,8.34646929690303,8.31622540321821,8.351780862269603,8.344627054614625,8.356915441939286,8.380141171865775,8.409047833365998,8.306831860003673,8.388267814555817,8.3763032445001,8.441853669562056,8.418463766050206,8.409926194582745,8.36789199727276,8.402130499744466,8.370592642251083,8.35471851056596,8.339835673735157,8.388962712685258,8.393556503231316,8.367752116156423,8.44134583703862,8.384170099209674,8.443615189023927,8.37614790860252,8.347152337456734,8.28367213815605,8.397511864590138,8.35658692732142,8.275194552840345,8.36263763945704,8.351246883786894,8.360251550117187,8.290368068628004,8.384430995394155,8.311335991392832,8.41431354608541,8.37037765831375,8.242244718057714,8.35886222355222,8.299864084213032,8.383033028516598,8.337538698601216,8.415091590803726,8.393229181227886,8.336465611375548,8.343338628748112,8.26961237996971,8.412611072465456,8.364514294086636,8.386231974537164,8.369797434715235,8.414415815762855,8.398616991938702,8.361495510955953,8.429501773763127,8.319383616402426,8.38119002286499,8.373933365295322,8.343023069786518,8.404094866222382,8.310808733391255,8.4011810631041,8.360995899598725,8.45266325707236,8.470409345046296,8.438758448526874,8.47549258366847,8.386648264803602,8.407291748455405,8.367047442376293,8.347609819380246,8.282438249026105,8.358758112868905,8.346970355922036,8.32844491094505,8.34395107024038,8.319379445516184,8.43098649783214,8.347452627612888,8.391384677362307,8.435996251987905,8.330028798027575,8.365047182982467,8.359992927496002,8.401981702276185,8.443815342366374,8.44642651073323,8.371118633632229,8.351812295384384,8.262845216218063,8.319834180308186,8.356596785966918,8.346278790409357,8.309929703177565,8.387177760975115,8.392362988373876,8.37066907160604,8.374352958138712,8.367201690107263,8.324123329056107,8.359136908935994,8.369984735852718,8.371003584299848,8.334532453470544,8.306431320595236,8.373203189295396,8.399750061465106,8.351547870106675,8.352705537226662,8.449648539011045,8.350394360913576,8.326475677827053,8.379584960887819,8.345397737437539,8.356284423756094,8.370809639880113,8.380919915113278,8.391833898934216,8.417501372771017,8.429142225651681,8.470508002165383,8.41097339006295,8.410038968014211,8.407706562445178,8.467721659575268,8.45680784408623,8.393676246592454,8.39452199067609,8.35785932437671,8.338772838107921,8.41486632908383,8.40954530424127,8.421669555135681,8.447961211159503,8.398890837623417,8.45200612158203,8.472750262167915,8.445809599805303,8.479343049909598,8.51357976095905,8.45990150731211,8.48410562937302,8.45625993340896,8.421804709366201,8.409989741711557,8.412181687724456,8.403246539087645,8.380315365732327,8.434315568391844,8.447356377040647,8.465180885220558,8.420703669937007,8.422336216854541,8.472127581477775,8.461848327062704,8.444763335149414,8.422879296696424,8.416399706282332,8.407825328271516,8.412074659258737,8.445870889585144,8.405770670330764,8.340208854178577,8.38709896556256,8.359203936542995,8.313831081792392,8.28423013443592,8.31103842487713,8.256570411596128,8.100520325627478,8.181208453566448,7.942512413933866,8.070255607503146,8.017030111759272,8.093480726640351,7.933322431972863,7.757729160278096,7.855807529874137,7.573138357150982,7.572803670344866,7.168013919771953,7.436573486772049,6.8458384457680665,7.280282466375883,6.56485128695921,6.827913462147113,6.580395983254224,6.6052657813765085,6.663812278763698,6.591342455873574,6.60755068923657,6.184683228060602,6.619851672711469,5.955264733888521,6.486749447793698,5.91451691634798,6.124828476857704,5.729514849210782,5.832279128627854,5.334447736819279,5.857532905163245,5.273423388547581,5.519410726561524,4.883495051523987,5.348710782675386,4.624482399954777,5.519987066358642,4.3219841943634725,5.053923158766708,4.261899999707632,5.411596188585589,3.7549238082704464,5.361655850854396,3.7854876357317,4.921340477940012,3.853365204546914,4.86240499879079,4.055231623264653,4.748161684066686,3.8004669901107775,4.737437344516324,3.7646768632500134,4.272702878457501,3.8752272755590615,4.126095176309661,4.053151023901694,4.417674635884669,4.114831731781989,3.996368666238465,4.49560344163329,4.639681911012165,4.347527756678567,4.140395289397182,4.4877561406775754,4.363547849588412,4.197148468396632,4.064181073186923,4.104097772096289,3.9364275579682277,4.028586073952421,3.80993496950716,4.124416809561667,3.593318798655336,4.195229812143376,3.8679460668300005,3.875130210130789,3.8087810258676025,4.303770085334162,3.5709397664914557,3.906371079017412,3.7202603034876938,4.148598712920216,3.8976011820339336,4.3320617861875075,3.6684878435932746,3.9797486334852916,3.818387279122451,4.021671764849067,4.005818659390016,3.541229264355888,4.2754300385185875,3.3540048343253646,4.335867483179711,3.3607098236586896,4.5903385048251035,3.370387324964008,4.691316364798701,3.569130037855359,4.446701769391081,3.40145665655068,4.489456633121401,3.782392582450996,4.323495435750428,3.7831180626309178,4.754405895738558,4.033497194371501,4.428808895613383,3.9978959642009215,4.535630706775319,4.522860073175596,4.589565333812504,4.653511536639811,4.439388182220676,4.8429670701175995,4.811527927001013,4.93948548412572,5.002586893107128,5.145395977936382,4.87012750250288,5.5114700956316725,5.093553424958768,5.6555771789606695,5.075565017753599,5.565974947892443,5.443501030985892,5.7237238936747135,5.468985484663093,5.925179159645924,5.914883132407755,6.208306679199451,5.793130029247456,6.515943771288728,5.951269753446494,6.609578105413042,6.499532499755731,6.5938746628925795,6.330123770247833,6.889457157541373,6.7656237835405975,7.1440043486949625,6.7798707303078825,7.158593865327222,7.167942170581466,7.337454582639031,7.254506113502813,7.496004329115766,7.385450088442298,7.3838942846485045,7.4915988692191045,7.624017061662541,7.653451760710831,7.510749610333386,7.641039164924677,7.804381298917958,7.8968460001020295,7.767418023498411,7.89476753752833,7.949955035137625,8.105172668394312,8.016505620853657,8.066725984948368,7.707043102198894,7.631701420719416,7.630265737973767,7.873280200419629,7.764852380651662,7.868681152767183,7.797640460889467,7.737063761653061,7.807528386532011,8.006012662315422,7.920727675828764,7.971066030447052,7.86707348482372,7.798277798608558,7.9276820191896125,7.774876243017296,7.791372865644896,7.854559342317896,7.848256235538663,7.680232888149711,7.710296087243275,7.657141112724,7.865087050829694,7.802606496775204,7.75780933611715,7.7945093311291735,7.824716933617981,7.840806604797633,7.7561390132053365,7.891442177716324,7.946249181159454,8.004942103798182,8.012667665878924,7.915957712555917,7.965646460421064,7.977905493668893,8.022266673968787,8.03116219225494,8.060110534123757,8.011229979928265,8.147883857145585,8.093190744287945,8.001826400679217,7.90658440820872,8.060542756469601,8.01092113389788,8.05333051197385,8.080299181837269,8.033628562383035,8.063809598401802,8.110710125348211,8.064962125231192,8.031744130595268,8.035595153688135,8.074411563311385,8.142176222248615,8.176746208580822,8.166734526075103,8.12636216300694,8.13138102569306,8.104449824762211,8.154350983990968,8.115681798850797,8.150475589685753,8.282550369642355,8.175973843495973,8.01719411173524,8.080258440386183,8.092358554766193,8.05199152699826,8.078799534208752,8.110809069566109,8.11300366252815,8.129280416911149,8.194833611414447,8.22797345439592,8.290464463626646,8.276941391389498,8.287216734827176,8.281475816626713,8.300433040034637,8.2929547743375,8.313287483636902,8.3073794411697,8.28102714867951,8.323141550483793,8.305040393263713,8.256548011695646,8.296008669297823,8.306584977057442,8.340676042029314,8.309048327875004,8.319362192108906,8.332431778802217,8.315957352548518,8.333279305884295,8.364219970630161,8.364811013132945,8.379761982347496,8.39995501175677,8.354795854521594,8.392704591668823,8.36737750902926,8.381013775278495,8.367634573389456,8.383374546460487,8.336589401649922,8.331450993946433,8.361555206716671,8.331764392770507,8.343644398610719,8.312900088719704,8.33315959827663,8.35764122001981,8.379425319611705,8.32541947644824,8.37163823309043,8.28999498218452,8.318448563494398,8.399518504544771,8.33842282717736,8.239635628663615,8.277578052884579,8.346119108127109,8.37423052730193,8.24232286445485,8.3028690236962,8.300265603015811,8.357226465611399,8.297811763199658,8.26798501531282,8.26163490241082,8.173185011801921,8.29183004659289,8.384930284453235
