7.382913434108104,8.577059397300095,6.270399998029075,8.683306026061388,6.929506944020595,6.946327865918481,9.210416096051548,4.407094547351196,9.441721448500966,3.84413024405638,10.32679106096428,5.149252684811746,8.410196255743514,9.299324006636951,5.450775622526801,8.62474065542222,8.983901092906805,7.249882983565336,7.648197913467891,10.176572969853893,7.083247952957953,8.471579620838178,8.645227507253498,7.1236158350110115,9.37542837361496,7.208212843040632,8.53269239862761,8.293101438085246,7.841451489627369,7.868816687961426,7.573049359619623,8.088036280771105,8.273910939792803,8.378746983806302,7.036360497275992,9.59702390988669,6.916718087097012,8.122759782969961,8.868756333192202,7.069807017842935,8.461793166001648,7.799700738986342,8.03950451950233,8.538881352742525,7.53686251133681,8.536382970511927,7.892487193147348,7.5070653530955385,8.635383158524842,7.515667073329294,8.223912094434112,8.476826338370653,7.790808937251576,8.87740591843924,7.58926464885474,8.563602222998947,7.9741991862654755,7.96942732065917,8.143481210072844,8.500744565327972,7.50108389695486,9.169245590766284,7.852493160665042,8.4722734852632,7.909527792533247,8.218314034640798,7.692652648488688,8.730047654708237,7.796538960635671,8.063510132730016,8.438402372201294,7.946124521096555,8.554275134404513,8.435237582524628,8.331736859877914,8.5245049639543,8.075285219848165,8.221939913829177,8.664594828784477,8.236312764485687,7.829445607264846,9.256395628054948,7.745285187562315,8.881096189916144,8.147199916442245,7.978934101661056,8.696180573403847,8.68694027264914,8.161384069621572,8.634671327670427,8.530216961701722,8.2871841176351,8.478340088923781,8.467901085217804,8.932079197963091,8.015882073243468,8.54019717425109,8.185037656625122,9.204778529008241,7.391069553792484,8.847404150565477,9.292757426102968,7.839121844371168,8.664318222602219,8.643999480803819,8.196922586858282,8.667465613683076,8.868890599807115,7.69978113154571,9.206127565701815,8.189395144879827,7.964961332976827,8.188063120643308,8.493870546519764,8.934922067721697,7.577410095731425,9.109028385480256,8.145522434512785,7.882087168594208,9.16570112069449,7.773756476243347,8.699089425404877,8.896704475482318,7.950447010695942,8.948915125926348,8.218854375680296,8.314851026137681,8.555102672179551,8.722351988255987,7.70910325616599,9.170124556620927,7.874803653657443,8.121755705674499,8.693540150721878,8.087797093093405,8.924071020682666,7.9068062194188515,8.507382958730073,9.023239446481082,7.737456737359372,9.479584289391848,7.7144819744428075,8.193695782025664,9.06098964293799,8.260767440398544,8.50719658335051,8.016663053830474,8.165175106128066,8.75099312146506,7.353900044957803,9.134069740374894,8.762169460852952,7.247354441583163,9.026438564856859,8.41627634604773,8.184132094184568,8.13190451343855,8.31045727690062,8.678834031422944,7.788353651364652,8.878076198895785,8.151207478841156,9.139291705687853,7.688386195500699,9.263869579633088,8.209743313491355,8.099771009286254,8.161098434527725,8.093389128049223,8.500176491340012,8.122425634463637,8.875231228669497,7.32467707008124,8.510711108048767,8.64845555384955,7.355751455724245,8.45763044913611,7.771353133519498,8.856527294715256,8.217807309230176,8.244237539370864,8.49849603732428,7.859977407058088,8.538492384751649,8.447118717034668,7.656972817977278,8.471665494044633,8.329267879327148,8.149179123242705,7.7919697509209405,8.771087491114946,7.432959682544081,9.043019684155794,7.570989926755436,8.190054365098486,8.361605409085762,7.73468108375868,8.354686642487854,8.31544033606848,7.931751355826864,8.414410023291914,7.778497812350599,8.695887269576403,7.715328540404646,8.476734348138184,8.375932830174776,7.762215927541264,8.447026296456665,8.262115799983354,7.474297936956094,8.833734268744799,7.766991841495044,8.675582226117463,7.276100087960567,7.820062097112345,7.951960221131651,7.633956976731626,8.790671571095796,7.383845234711971,8.551813921531052,7.798915782769529,7.161289030015475,8.767150930960984,7.166336487332985,8.994302190244209,7.120352952281641,8.059747809966412,8.84044219106437,6.7234578679005335,8.722409525712342,7.6698620007435565,7.604738932450618,8.25726335366568,7.135587887565301,8.153243112266074,8.365674055417388,7.772100004951166,7.939260745843261,7.688350960810986,7.439536902606493,8.466161264975876,8.00618128856024,7.228330710728968,8.99953423102698,7.162960316737498,8.611666084130615,6.5594373353322375,9.481958918174122,6.748847713073097,8.071067422231048,8.15920432527861,7.693414816459027,7.72706285446883,7.502806399663297,8.277485516866058,7.715091912349074,7.551116505463926,8.300789047082276,7.5895579667886155,7.840934048593053,7.947509600917506,8.200128897031158,7.478130346238621,8.209963166316358,7.209909648597248,7.926180157264082,7.894573441346495,7.583108707269039,7.646541734536498,6.757187677423161,7.61383010715247,7.375794716676084,6.658013189733031,7.60188999613127,6.736853507359824,5.980741922458014,6.7643972619374635,5.987001092036564,6.578517236312232,5.685140684445696,6.378430051406226,5.463984152873352,6.0141528375943505,5.040306577285123,6.105658713181814,5.749748984177904,6.033683147033055,5.717979468901949,6.124285046656926,5.156572503646207,5.433545906146363,5.018794477780653,5.0418816395600565,4.503944804271057,4.9356799968083624,5.0016198821862465,4.5445172103245985,5.215604773362471,4.655602287848784,5.374189766248062,4.85580482443173,5.429575109084442,4.883658550679677,5.0286470933755165,4.96615163167317,5.332496580680206,4.543022963603332,4.701848989327742,4.719647559722258,4.267014505565162,4.5561850949128395,4.6291414745648645,4.46245643337567,4.103771253426866,4.757264420588804,4.122014249165849,4.643263466159495,4.3177441903948734,4.71488398631413,4.173761583169297,4.735181930859877,4.544150809844329,4.533371885617568,5.077615512311451,4.763189857800795,4.966017736991239,5.151773918469741,4.938022993405653,4.654791770776106,4.6765073105692805,4.521830762227371,4.691667310794187,4.484814686377838,4.400714139540984,4.628074720799917,4.33006664603948,4.297683199346061,4.325892358720297,4.414953695237632,4.416147634585694,4.8173713513215315,4.902961334784818,4.737675120532506,4.893795785506559,4.730132532914473,4.5659838755925435,4.369755066235855,4.473636582692459,4.225577569802597,4.133063983519868,4.06276134928067,4.436519313653303,4.193004113038377,4.079510400195912,4.148096124033129,4.061692446172232,4.281999707023298,4.274102111955479,4.472402670085424,4.042744528849914,4.3315405258536295,4.315407872994735,4.706453378995254,4.303974670966461,4.7087809224923385,4.743173319896055,4.932911212146276,4.748129421075178,4.963035717805219,3.9297639462351763,4.637844755252196,3.9207515522837593,4.358851067622498,3.5474712883432686,4.3256251164277355,4.110977234542364,4.076291063626604,4.2197901900609285,4.25090223540862,4.321105645596976,4.272992864549155,4.754626458485914,4.6046238742272,4.373980989058807,4.365361165702338,4.686577483216915,3.8257059952616657,4.107750727037585,4.164473710258797,3.7593753784894917,4.007769922018047,4.241122275590891,3.4914089574416467,4.1116215815146715,3.6323052661617576,4.69286703338225,4.149092869361237,5.282019929488493,3.714608449637887,5.055923478305332,3.437449655433495,4.633087361852322,3.776757306853928,4.413975802262618,4.3490877209107035,4.814169860680891,4.364962757428482,4.460915213425948,4.590896858870977,4.246181604464843,3.8139375112454057,4.456246702571704,3.834879522224264,4.21354035933812,3.9069916233420328,4.389514559209343,3.6606926878293318,4.28362590750058,4.047487240731712,4.231104368766143,4.250350561936692,4.712597391208006,4.7762385793526905,4.1587317498524925,4.836362256606414,4.036738108098502,4.280616466800367,3.9741063641508383,4.169964499274885,4.007975889444348,4.040974580049511,3.9346029435594834,4.15362849682569,3.8395153153936032,3.6877562880516024,4.144320133924479,3.5062847604354204,4.456700590749576,3.800143834153807,3.9864159226417497,3.7998904987176227,4.555275392134979,3.808430213729537,4.517337293326849,4.483837772210433,4.722357216676071,4.636838963826491,4.620591299136474,4.591959498822683,4.0984208425879425,4.600054815808926,4.030047298471128,4.112513614594932,3.9465874395767817,4.09204057415326,4.339045946200683,3.5914735086758918,4.573567286431782,3.856951037347315,4.489894711573913,4.334106491406754,4.657808106740308,4.428024615844085,4.777598186433309,4.478833566506697,4.61266605695088,4.41623259633779,4.626069429715469,4.549219263394668,4.416508500277991,4.145056401193137,4.687115457852675,3.943328227798141,4.564949423869447,3.895582083264983,4.7482186897595655,3.8372282645106286,4.801808482110493,4.047800171176587,4.222096242507295,4.448074738581968,4.3428992470105445,4.8398840506871466,4.665579487979406,4.829717621405911,4.580712691148117,4.939668276011936,4.843666545947386,4.572046358187987,4.507469749053314,4.4115998718142455,4.440939000447586,4.3731304319699555,4.1259197350343015,4.595376636584594,4.251441615521902,4.164369673430915,4.52031684716542,4.360094822247817,4.600485462844366,4.964459905227018,4.887496251662565,4.899216233094528,4.978191431363416,4.997353399594617,4.645404101212812,4.560497561295821,4.546543505986526,4.2625461824734945,4.388064882655934,3.99846460551023,4.250215738713736,3.9927375062306694,4.223418576518689,3.895024090707298,4.369854290187354,3.8408991396427137,4.358431759675338,4.032583074172334,4.054064958989616,3.9108057578404702,4.433763562142843,4.1680422243475865,4.539693189462021,4.7953576823075545,4.793973151048019,4.435652881463362,5.042705314954115,4.373283671935393,4.4605850585301665,4.235987338622405,4.328325168689087,3.9137806628147724,4.080003867944077,4.355845733582968,4.310330411990479,3.7742506895462626,4.400088298022742,4.183813093503311,4.726457368930174,4.2756964524586945,4.868623512585951,4.80531904180844,4.5426422997315665,4.480040638049438,4.907860350211454,3.960470990836616,4.5932714518904625,3.9629946967959366,4.250245253642396,3.7910636124014814,4.535900865395858,3.8110738479097654,4.1880533538262,4.106301845113432,3.9459635090827896,3.809830883542694,4.489787140885983,3.8547123788793844,4.240646389524136,3.773904980123041,4.560808257857952,4.2288993726174,4.653764128287626,4.92204650362332,5.177164475520445,4.657221376498534,5.154301981528593,4.677184418042494,4.87467740495999,4.111526466210679,4.786030133664601,4.439177592595413,4.423912336428954,4.204710666735964,4.086728702386215,4.1847500010331435,4.155506213506056,4.377630896170929,4.320410514672591,4.285362931092576,4.669233965476347,4.556297218402221,4.542851925790305,4.686703816254927,4.45456057508786,4.177060872018331,4.189892767866449,4.037597209115819,4.220514951646324,3.8835920354723883,3.9907065234581593,3.8926378510395647,3.9435789095361984,4.0512837468584335,4.00047482570012,4.289760553638136,4.423843961656088,4.312100126445289,3.695712661345797,4.394988563855484,4.068239533603188,4.40776158412297,4.263647068341569,4.7701460179686475,4.516003180344893,4.541581252415968,4.26567314823468,4.388789838453127,4.234645144740736,3.9560312614838242,4.224467864930625,3.9422238358855215,3.9107266126076348,4.103080670734241,4.252975843747452,3.568374366760251,4.125413041214144,4.04760849922895,4.506216958363845,4.410113446315124,4.518883230288817,4.662477987607314,4.075186417897538,4.730711066325499,4.103957156836981,4.04812753419081,4.088809704482552,4.149585735499854,4.067875387668605,3.836015435159203,4.222243479192253,3.7596052430073392,4.094894988238806,3.9456574187676074,4.074600807030991,3.7523357867201144,4.195913990437978,3.9901099106669387,3.9754554434617315,3.8235863802830345,4.504015460809066,3.904189591109749,4.565350877841308,4.151107940276458,4.701996334393813,4.83434992750485,4.315998942454652,4.554211367070668,4.123457929690676,3.9009614503383596,4.376977368394529,3.939700584709641,3.7803903065125115,3.8735580183068867,4.238712487022077,3.634363517761228,4.231749445994691,4.106583157479759,4.336212582389508,4.33250452001889,4.760614034732177,4.622005964219564,4.624336263736082,4.660963418086364,4.444026395877195,4.574734224875763,4.154364437659575,4.53673348029454,4.027613764603928,4.53280254820982,4.057377390464143,4.12542749971151,4.012282570302482,4.359630273381863,4.520691071351363,3.994643543660637,4.634740575154616,4.101231852372482,4.468724090655639,4.232913519938782,4.917147005399062,4.175715534289672,5.120383652051283,4.791397640307738,5.195520362456633,4.639868195851637,4.88908677419026,5.161558427413296,4.139051658809181,4.688768858611577,4.515959012111023,4.599760542710616,4.118162254889801,4.744139817555739,4.257856746613974,4.270905334552125,4.178951278527572,4.698083282311752,4.524535830914968,4.970854903062177,4.917670895655942,4.970095510085417,5.025521264870955,4.905446527798963,5.06145886619885,4.335587745507552,4.669942216475799,4.571122564971441,4.367590795358017,4.598514220416538,4.323171150286987,4.398785374959305,3.754992231031255,4.566971704860522,3.846198105514046,4.195471459428464,4.1845356997847505,4.367623861730093,3.7210515317320794,4.438702915509535,4.365607151587799,3.80851944784323,4.673208992183203,4.899221274455381,4.906346407731368,4.582083953320974,4.759143086274458,4.6884330209096206,4.350316718419387,4.213442244231695,4.580244223674133,4.223588081200912,4.480086592038466,3.7880277140935217,4.9469077642758625,3.501833475530146,4.63753039936224,3.6958891316254894,4.889119805991643,4.1873771580060275,4.835572698911025,4.760181732972456,4.480852113564804,4.403068493207289,4.884603428443267,4.012386076052978,4.413714004357651,4.098718986113862,4.266529633899525,3.9145441552996596,4.476865466435745,3.890188501874603,3.854320964614547,4.208922394216056,4.303643209636206,3.650942763984201,4.359246713817114,3.984919548829393,4.274501601159568,4.31806712587674,4.733288137515379,4.533925770123794,4.5668130250771775,4.809461961587264,4.79484758694966,4.9026658089955575,4.95109006126721,4.700785164435699,4.6141706976294445,4.175592320760087,4.45353181322415,4.137746998866396,3.9380330213904324,4.417816656430558,4.134032872517898,3.6989511712392154,4.05543688267469,4.460800770123795,4.489262625773741,4.255219833552833,4.680618973573042,4.5544752975304865,4.883499190409971,4.292017634709671,4.561009889443709,4.2539621301492,4.260341473519797,4.27592312296231,3.973475650350249,4.216128319104508,3.883038365443543,4.318193696439261,3.388780621290205,4.388588229219113,3.9994464418292,3.8509925163785583,4.0166165066758746,3.463797845939793,3.881119777162866,3.9883155117432234,3.818578244447705,3.8978975012898416,3.4792822385827678,4.568153683344517,4.104443071683243,4.343871951003863,4.312271951138968,4.299763076007362,4.187188800275321,3.9117513691385546,4.509863281051312,3.608528945545353,4.425985608895614,3.8358778688311532,4.1498275933663,3.985965276757872,3.925127908885475,4.462267459332939,4.492647910912825,4.578540715773895,5.139643972714734,4.649180638392761,5.139504062732053,5.002547757228209,5.08325823624928,4.181933043797807,4.898886777957274,4.288341936767097,4.658631872832768,4.352374571164444,4.920606718858075,4.677818574508025,4.3035818489392526,5.074953217109038,4.438724903662994,5.266203519900634,4.9123542078336015,5.188612862428023,5.112205934127164,4.797719928820921,5.401317487557723,5.058690663178755,5.499320624669387,5.6771777041753095,6.236562378009161,6.177278868754704,6.155696377356848,6.280410468180975,5.443048748572662,5.439075992902115,5.299694386323289,5.248544282515836,5.406543743213014,5.9554443260033905,5.8047730024655655,5.901681198676425,6.459608486493432,6.356205638249715,6.1151818950970975,6.560254962046944,6.429137757619225,6.275228304465613,6.172775737841924,5.998556477626164,5.901787966092427,5.825076890786487,5.644133176406221,5.908100103934605,5.829611632426577,6.230574079354605,6.646532656749092,6.554153659045699,6.325767661134404,6.376596809724967,6.181880665123463,5.093221042255554,4.885156500339502,5.490822248756882,4.49490704774856,5.5982628333568565,5.110138149162126,5.374119168122604,5.022356999913844,5.663932335078713,5.655744518836336,6.124640498956045,6.005890298684436,6.272488747437796,6.29013196905454,6.394944159587226,6.324138406117758,6.507005179723106,6.456829275687537,6.269173236687979,6.094430046876271,6.132417062123617,5.687989220221835,5.79542585690816,5.0989045973618765,5.1230619533856645,4.802919061978652,5.316569437583282,5.030234992106747,5.321075853904083,5.521073138316468,5.432638823588685,5.010393322308852,5.3073247059186235,4.723135922749831,4.42362171252568,4.742540946801497,4.23764874776204,4.189617230494812,4.595783328711981,4.243359108765915,4.210902796785032,3.8662944749991066,4.890601904590918,3.938688126603758,4.715975322723383,3.665406833092369,4.4344756375749865,3.9000116739670396,4.380384344458575,3.819572820862132,4.260936263700321,3.9469865878423023,4.181069704790905,3.6497366152207036,4.170045190354183,3.8919117128849,4.128278162876759,3.909549971918263,4.245198248823478,4.306249364912507,3.676603939731911,4.362891251842176,3.78746271471182,4.105428666869797,4.081195869147772,4.591258395810918,4.030589092771207,4.508521204789475,4.85419983704884,4.72771001418431,4.280427525838211,4.665890618165328,4.365838918288543,4.108452750245727,3.9919645424683834,4.517146621545149,3.9808350072304375,4.502297838528945,3.6180311032136263,4.626864442427946,3.3663424691557884,4.631303690274549,4.311724779208497,4.802756138642621,4.407952779134109,5.083834222157789,4.724707078635686,4.392998241980865,4.827885448535277,4.264011916716889,4.128743680516874,4.3325468406081145,4.223104293346401,4.137460782229895,4.033318109114961,3.8687910792231515,3.8632866715391456,3.7016208650668427,4.111258769333358,3.9857769738634388,3.8755931113163604,4.029731940925116,4.099168847600615,3.840795506139593,4.054925806224342,4.423591963847472,4.2348501262068705,4.6080801852544075,4.406442675193145,4.909119035800291,4.435293986499304,4.078063904941077,4.473668500979736,4.204918346305684,3.9259138761957444,4.202218149503066,4.1385322078069,3.8168309362729347,4.083836454947785,4.263463917573287,3.752733839452265,4.730019390285008,4.1002365740140245,4.725067544778181,4.431784016788,4.577925774753087,4.8727534290154715,4.332457723220184,4.319074245293931,4.40792006105184,3.8351789604624082,4.28584902375936,4.027937933007872,3.9283071649074515,3.8302153202891303,4.133266173303123,3.891478421588735,3.7540994021296483,3.937974842886125,4.016100142995513,3.794932746887203,4.098283450404799,3.9803054546316416,3.848464866479235,4.027328072388962,4.156905004680152,4.243163269559538,4.755591798722737,4.41980389575163,4.877481832206241,4.334032158553595,4.467441500027969,4.318737740119293,4.2937919995188665,3.916134593288098,3.9127759670217808,3.8457461104790327,4.054693619906899,4.0976593970258985,3.873495646417138,3.7691196415821677,4.27225054343541,4.397196169694259,4.265371634562806,4.758246845901006,4.6479843481381655,4.591438928445174,4.4731860311826015,4.702561481793714,4.224981959660843,4.12471819122632,4.459344566762442,3.926071086724596,4.302232069571808,3.8023276539643582,4.373802462617551,3.7052268670002597,3.9887568917870477,3.979366433322426,4.166180109679694,3.7596590173244455,4.082122472325955,3.9649707768360742,4.011256445348259,4.164857619802152,4.577731733024113,4.584361986716582,4.875626802047087,4.486259985764815,4.950202370484663,4.503959903319671,4.611045994361236,4.3551207156976,4.209017053544517,4.09201681832472,4.4689941008885645,4.400646921098227,4.06422059734662,4.675109531482054,4.317746294339493,4.576130472024276,4.735189742743963,4.940050668319059,5.058396962483717,4.869950753053022,5.821708776553471,5.462576106389361,5.714510854085283,5.383425517876938,5.426144947608309,5.292729773223394,5.4043254299958505,5.205636995633437,5.005684889157606,5.481177150805786,5.067148348887754,5.2184972533583585,5.3426559411485925,5.020717336833469,6.451927635371686,5.834560076892375,6.416702603896461,6.161573930680753,6.526304770410063,6.469701850016917,7.260398712952937,7.267342931826915,7.305754537185039,7.2191210623582265,7.5069751389821455,7.663451799949018,8.273043087323517,6.744222666819894,8.927323730786656,6.548340378602348,7.96967515428862,7.456805705626814,7.493048184712734,7.6926716907819195,7.700888255437223,7.91658690770468,8.01166620095572,7.776129849751798,9.161985184748982,9.196186196406693,8.186250674327225,9.512243851025914,8.18690165122351,9.123461589415882,8.858739668925615,8.158891914685578,8.212156993945449,8.540009101231904,8.603342338403076,8.884629237254474,8.257972131570192,8.649099077781052,8.062162739833203,9.02005283435187,7.592541374762861,9.384619311889027,9.052513809998842,7.78402056177458,9.059995313485476,8.381788611014693,8.964597596724841,9.079318337043139,9.37437448938689,9.174966542323443,9.431432716449114,9.020193763573975,8.870364098151537,8.949026721318576,9.243045738538118,8.447532697518678,8.697133047183364,8.243691330750794,9.018162884314867,8.680370825131746,8.29871446331343,8.660501478513092,8.575341323216769,8.622106347878786,8.912307893832537,9.523117470343921,8.307259580691666,9.175902847846363,8.889460544188829,8.646455411513656,8.591717656453461,9.022827249368046,7.941405143340436,8.63185623486838,7.811853710015623,8.752975191672654,7.53174800475439,8.14201725323996,7.289855693181363,7.913310482104627,7.961391698916762,7.443123612006511,8.04230906446776,7.451823873122539,7.1621568699677844,7.689501665433256,7.449818657239286,7.386534883578625,7.0470081814130205,7.793089270194379,7.439786393245068,7.705858132441846,6.482031070788703,7.693170687754957,6.303875513871511,6.696464407046641,6.108445000251134,5.894146964152655,5.5392207189400935,6.008776720364889,5.760689187844592,5.648580449422199,5.655712914069491,5.639251861174899,6.054239884217581,5.769821520646412,6.271296302874886,5.85802612741788,5.672529385884599,5.635572964747745,5.3057198806603685,5.28684617598851,5.638855933745698,4.790422586997344,5.515963402589157,5.0253057762980395,5.217252800067258,4.440581710239247,4.361911182204876,4.635110361278051,4.861665063699078,4.374783428510025,4.974950786431623,4.730396833022429,4.643306185801818,4.788283384641004,4.621804179747894,4.7597818048795,4.747547449668242,4.7889951535065896,5.153686757882428,4.20295384506384,4.911840381324284,4.4096343704064624,4.319611295064286,4.334257747729613,4.790380333264663,4.187839045127227,4.391771740516021,4.411577145655944,4.819012517531707,3.976556411683555,4.427422861655549,4.731237954696012,4.440163049300506,4.819600866635634,5.0826610394318825,4.969851626952481,4.937801693280531,4.732911901076628,4.551168844501172,4.401889804204299,4.497214034696414,4.227152093350882,4.321387699643767,4.2736521466573025,4.634617745478941,3.897390916148818,4.494946075280501,4.290714087386921,4.400950389703109,4.173039419452345,4.377769651015594,4.3572984716296155,4.311229700744146,4.371588537394995,4.880702250798536,4.408150236209227,5.294328245719268,4.631174426972859,5.338622079690291,4.715162088473631,5.157145661910368,4.581833171447112,4.831822830041244,4.447254342635466,4.919013485511137,4.4355132886767334,4.624600373109175,4.188349552949266,4.823248897393537,3.7344599481423675,5.155123314559452,3.9812242229779513,5.292662700017287,4.582081018288924,5.25971584995587,4.8452578075726755,5.018157456715895,4.8801284429430885,4.772611845433706,4.600961916049316,4.489668043752506,4.6665407248338004,4.215057240327194,4.1122478316227555,4.622885784705473,4.16314370979865,4.205767065087948,4.5314367364843635,4.283764749467367,4.314162604610121,4.4765812180439575,4.395262727439398,4.2903920193513185,4.851480456292624,4.706669261157506,4.9126535518964065,4.677247887452437,5.098946536382031,5.212661735614135,4.916703989108396,4.765002884467436,4.630571454366042,4.736600377162292,4.612686748107268,4.276530499060944,4.618839975198102,4.0327596636613166,4.643863890965773,4.121208333571747,4.41160470326741,4.174923876126602,4.805957446893049,4.759329129060102,4.66327896078427,4.813522616227462,4.7105525632699266,4.539866904815032,4.661993349591885,4.435680043299987,4.6507332023978165,3.969874772628144,4.85465882500012,3.914006175696846,4.315354381402329,4.352403173148626,4.224689675172166,3.755123771329717,4.487051009833807,4.026004112958904,4.053478517234321,4.381666686336194,4.083242803514,4.181002738177771,4.227036270797248,4.581765045821661,4.286928007205321,4.875553596814467,4.762884008487059,5.105372572739912,4.610083139737441,4.932961411078764,4.575127410491302,4.533364221652343,4.465241015752151,4.346541561683014,4.644658109843724,3.886039815743761,4.302732222874953,4.049794095357255,3.9179487821459724,4.462275135119751,4.2792225428422235,4.641219237645461,4.4953704198201425,4.717309319575621,4.632982475360228,4.502675972779586,4.545342663129165,4.578841384251907,3.785204167167343,4.47632611493269,4.151726095477736,4.4235755546887665,3.5154485401511164,4.712998760541274,3.55301502694686,4.322129981120423,3.709330568412937,4.723394042054806,3.351006018817423,4.862043689191335,3.7949312433600393,4.402749717434242,4.577361979186529,5.086910174787038,5.186822665532423,5.324677217801407,5.135839986503116,5.165930732091262,4.781332087318096,4.846861753066374,4.864596653779341,4.678100846807156,4.452037073175107,4.687736810048414,4.418912770350768,4.177639121611909,3.9692590208848277,4.495113732417419,4.104575188954667,4.409996276696517,4.7847379335761016,4.543353803952529,4.804650884469344,4.822155224879576,4.733387692769362,4.383083019057904,4.654888048966719,4.338436663945512,4.15820232590039,4.053417105376717,4.300510476728275,3.791196983754633,4.242145063579076,3.7079647790392216,4.156587219138935,3.4422044612963973,4.563475947678083,3.6301776728034003,3.829133403400576,3.7597393667697885,4.467837564845874,3.6775645291805237,4.308092573881144,4.269651579459503,4.349813518126799,4.510388509829833,4.584519674479954,4.796325333913161,4.482269497712448,4.46855016668637,4.30022336920102,4.1829598971207895,4.390596273839468,3.7744740709662397,4.731660432418182,3.4514432260394092,4.5432016058762805,3.5347793813546478,4.271660882035885,3.960328782399492,4.545298194686565,4.24883431990941,4.748740627368283,4.268700403968489,4.985017933448148,4.2768702896436,4.431891626914338,4.3527083656191765,3.8772603581349028,4.227876891891157,4.373408610622082,3.675742199222244,4.275661568442976,3.6747967883944495,4.359457235236957,3.483405423263707,4.27900082101424,3.8792121924956615,3.996515558958049,3.8370314345757146,4.332809519569073,3.6507623088359815,4.4398735281825,4.303637046515938,4.62589822729428,4.568951977094008,4.803192010720564,4.694399281442159,4.775386571486784,4.343192829688385,4.689658597310378,3.8300236213207217,4.325920741359387,4.2830106221636095,4.02464051564534,4.325050472815827,4.392558682958279,4.501040305693939,3.8297283205389943,4.489605146348469,4.256086619695022,4.427384123404815,4.572758756478621,5.117983033259702,4.742437922557189,4.873860855897262,4.5519995233416495,4.74172272284825,4.412921417653555,4.547594548165793,4.314246667325491,4.18503670662641,4.177575126588341,4.495296614964797,4.122862412631508,4.024270266095793,4.707206711471074,4.102233509818708,4.240477623840168,4.201442694465313,4.850963360965245,4.713076498309764,5.321520335376257,5.153578208486232,5.75847010572751,5.601506163676577,5.42142534454663,5.542722029288607,5.453754005034759,5.3570440967877655,5.229624441464735,4.765244235595063,4.978024869859211,5.022890939315153,4.251860572894408,4.427755021651581,4.398970055182769,4.371121565997596,4.395587731202438,4.602393320500845,4.569334737857177,4.705072251160933,4.776193059285475,4.9931279714902175,5.005808602174116,4.6715113231539656,5.167930734952286,4.4575905164082785,4.759242859681441,4.3347110710541354,4.625357321202748,4.218665493528044,4.259971742232635,4.078525296052294,4.594628706872457,3.533046967883903,4.68912642925977,3.8464958605170216,4.340363983909284,3.6363864181439056,4.760505824883771,3.564058905541895,4.9415582808852125,4.00893779357274,5.325531360705687,4.333528880675629,4.883192743857695,4.757301306327178,4.63101344664891,4.617927649915213,4.476700826485945,3.917567265828448,4.374661855300261,4.191476305425162,4.425278389155858,3.7416943426926905,4.235338023503616,4.075934511025743,3.8913822646935743,4.464396392901734,4.2251421198248815,4.679261816342667,4.43047999342282,4.814958479007078,4.753046468098951,4.442056530316665,4.563181706269575,4.260324988067145,4.010441472331679,4.2462631402413,4.304478485286231,3.9622424385944957,4.004856500327582,3.9843074176708813,3.9451942718028983,3.728331264952816,4.148765604495997,3.932353085378802,3.669009845455485,3.9137936766942314,4.01057497243086,3.870324170390762,4.122936627864832,4.046636258065696,4.439168015321089,4.097192624409989,4.693960811893138,4.718789006173605,4.2958912144104575,4.650692323048904,4.458503393729521,3.9740410862366327,4.307962485154465,4.01117853959401,4.37780350764592,3.488691463172433,4.3094881605108535,3.960411386092499,3.79440618475278,4.182027766406531,4.2799482484658515,4.4836777873833915,4.253979576428725,4.6657737298806445,4.552778534591192,4.355921117961401,4.540361926158265,4.091266921559964,3.9425258716940847,4.288848007619376,3.959788466493285,3.81431746323903,3.9429781146844167,3.809481705327826,3.8269857039054203,3.9114104330539665,3.905470626751578,3.7246839355428976,3.6806071843703565,3.9648448434472043,5.495787163575485,6.216210864384969,5.077906127770734,4.798015172282848,4.384388650457058,4.76920025914907,4.424563091893984,5.079277883370711,4.471717673142745,4.509369990428284,4.497403704722716,3.8686706849932646,4.460468440949911,4.067339970668153,4.269120913743968,3.779254090388613,4.5894280073046625,3.8466877182324697,4.195350513060882,4.252756534417466,4.228843624194459,4.2748563215136475,4.584011951287581,4.739755316575361,4.475899600585296,4.646649560530974,4.528279941876724,4.227699560821052,4.302148521840568,3.9823389849066695,4.369107731183364,3.9901262100537576,4.212087933619812,3.7292161675294206,4.196207866470016,3.5611763403813006,4.533814080754911,3.8203065383434254,4.168184510469432,3.7723406361540124,4.477079935967917,3.519302637179689,4.639691185653204,4.303236579596991,4.900249936183287,4.342063179810836,4.885445569356276,4.791198329528166,4.658137870728964,4.927220849593473,4.291720263560609,4.4643017825484215,4.124303030570345,4.899911307891203,4.108594860633209,4.184991918404893,4.240655380090073,3.9525159867604533,4.493350220521286,4.16990860909223,4.803548981746031,4.432587158282592,5.084943556388211,5.20612128098805,5.064254670937848,5.029725720485044,4.91274401744206,4.822206478913618,4.259661349852876,4.855392417510343,4.442441005309417,4.4707496543725265,4.5242082436879425,4.761493831475569,4.467178967793777,4.556658932864659,4.611828671296432,4.90964121659596,4.703240778048826,4.4355374070008535,4.777395338614776,4.1687489648659986,4.941481149991345,4.741897027095153,5.185304995377851,5.356317282517747,5.289502822955442,5.561559854348498,5.112637596925092,5.240131456454589,4.935679708321882,4.842575227816893,4.622469091018035,4.938597365220381,4.5763493355115195,4.51173042972882,4.5130756898721,4.502409575879568,4.146759153207139,4.4946969183285965,4.7453846009572285,4.922866942485166,5.001480713685346,5.331358086665466,5.257143121560408,5.230802863438917,5.2724403019746084,4.645967479546858,4.918244843184941,4.612279884417846,4.813178848822905,4.722747302850081,5.029710828959934,5.2399694749712875,5.350005442798132,5.26986942648887,5.03176495244105,4.51657305002212,4.442939434051509,4.345765404204524,4.909694883227341,6.008010529081027,4.6544321633378605,5.3596214040120405,4.700598263641194,4.884146262208614,5.303970557252561,5.417535662253693,5.960828163325785,6.078978226979573,6.250516864856085,6.429530405600868,6.431893485387167,6.301045116980872,6.357856752475104,6.2451910503705355,5.91246897180875,5.903858347733814,5.673964982827503,4.981452203591657,5.157143662770583,4.628423300683491,5.219006128013129,5.09793586810429,4.647322440942123,5.279838332732511,5.092186209758115,4.8993852480252515,4.9811364850401825,4.738970501025511,4.603317677577332,4.496385596891239,4.23615593274434,4.281211595336591,4.095407837331291,4.0947771808505005,4.0684108825524605,4.4560726149876855,3.6903640436132723,4.635933812558645,4.2340968927741,4.338045279582335,4.606528881390885,4.247669125397994,4.474103971421713,4.340451519091919,4.407286050120984,4.1021366045872325,4.122305423816041,3.8683592709898904,4.535668036739026,3.6751852103074363,4.34700799663861,3.659523908793923,4.363987023532386,3.4614822637041396,4.167702505687868,4.031739635169502,3.943380428453283,4.264167961875591,3.743491920034088,4.129349090953664,4.045636259118711,4.6598819276690415,4.123466182649131,4.74516239245732,4.399951003392531,4.7079841574033034,4.4031589909394535,4.2577641865611024,4.446621025403335,4.120663440028822,4.151277831395463,4.210145753423367,3.9051400884985896,3.7601562319199213,4.399866329133505,3.906535638173418,3.8866374298930126,4.271441694200034,4.308200972974294,4.732330331404998,4.358774488766983,4.428694789012267,4.490668150981262,4.501746818621948,4.118254918654755,4.306807910998657,3.7621898351112977,4.422023956477636,3.7196097491184843,4.375766448875263,3.5632659993569042,4.539935601651662,3.6693711600701,3.990429929296171,4.118643739322818,4.068938178817426,3.6742650935053804,4.443603291412189,3.6777429139614086,4.121884829799329,4.1196630880236595,4.589909708201878,3.8322459824879926,4.945615911086393,4.428971155484511,4.852629195153707,4.352371755441024,4.269115680058792,4.108388885060943,4.008436249395206,4.3194487379987985,3.9947679803768734,3.8494355676571503,4.192965267598623,3.832255273759361,4.429245180785649,3.7833628140886595,4.431994402011229,4.400189088185622,4.587611606915786,4.4474355014165186,4.821143756707503,4.569919040997816,4.31925432056188,4.511660005748267,4.2747046729922245,4.283393779794371,4.174683391749853,4.43558061798413,4.2709529050191195,4.098232812682782,4.34298326949278,4.144216508766011,3.922697865764297,4.563458395798994,4.444741227527454,3.7224104702472665,4.54842798908551,4.087903255025541,4.415657202998792,4.597878592809035,4.842996072371794,4.501148233016327,4.918692578872037,4.913522731860471,5.1533704420924105,4.2910320268074615,5.1351192768414755,4.554792638619734,4.573141367236769,4.147021114428833,4.77567772706349,4.140128244062261,4.1900213417410805,4.54818220218022,4.199179300963874,4.3920512315630855,4.536962853372091,4.936712487538648,4.763080232938123,4.73648349841435,5.144142042001081,4.691464274724318,4.902715439399077,4.5469147261977145,5.039315215051166,4.328568725188568,5.302113822400562,4.423339831431702,4.211099588473633,4.243685830434158,4.6625240619977255,4.152454490363593,4.278760028680161,4.09700212925672,4.607133156855895,3.770229781667388,4.475784503022825,4.433616690238312,4.184318760335441,4.600906578004353,4.658345396121336,4.5930379089713025,4.604749067624405,4.622648624976469,4.793454925616576,4.345007251103713,4.615253333648041,4.200050512154892,4.208923731744286,4.081908740599945,4.4083266528447425,3.886727674802141,3.7307589623331996,4.330287552773948,3.9285887619852975,4.164526103436942,4.376514018575345,4.347144100467359,4.700281165440871,4.849346780379606,4.953879255851103,4.6976115318139335,4.22709196309248,4.666132437785461,4.2956923802693625,4.082497039933995,4.184119225442405,4.2745413264632175,4.1198532723387045,3.9524647817015595,3.7645558996995265,4.050545279979702,3.928903788328167,4.4196769260366695,3.5145491577188164,3.823218651811278,3.8878823049863143,4.493506010472768,3.737434806426363,4.40732916315396,4.062046791116392,4.75997673829396,4.732672042449308,4.670735609134032,4.706834164460493,4.3597918459773,4.444498984416322,4.465237383445098,3.888925537864365,4.175449040830129,4.186645184357957,3.984216997226075,3.8640094312032027,4.075492883721983,3.942701704204079,3.969663790067033,4.261143915454542,4.239200905263419,4.192745006879166,4.6760671575864095,4.503579364717001,4.6133773179848925,4.29938636620839,4.595559829076126,4.324424875577286,3.8492324897646863,4.116107490857438,3.8546344827612207,3.900560640096661,3.930620434184865,3.996832738717393,3.83091469665368,3.7849246141314485,4.173269890546794,3.8560542132457067,3.847776528298851,4.337397434413429,4.271940004626906,4.523894930680587,3.999122028052802,4.533955245812727,4.442627791961029,4.5490464647610915,4.620359900792434,4.599545546372725,4.306381406585371,4.1184543009599,3.7813548745711616,3.970750543177124,3.6228775923450764,4.223286464313662,3.736476921737191,3.944013161659237,3.7902145147323565,4.176559427678582,3.6634213222066534,4.400310010810688,4.318360644280904,4.242369267741834,4.680457390149428,4.017718569835022,4.828855858743185,3.8225231669346447,4.447322793900962,3.9454227491219807,3.970491627355412,4.244546619355675,4.233238404691214,3.920178482234474,4.326572818458074,4.177179319461183,3.972716870109236,4.115310861666993,4.0777708529432575,4.258936990300809,3.736622390647727,4.258602338731284,3.959081388413903,4.0234183021386425,4.151303314864631,4.821183635791136,4.296468822558715,4.826961185534788,4.544690222541485,4.965914975007368,4.550923698743179,4.575893169244124,4.716077152093245,3.634707588950791,4.531853006780142,3.9168638932704893,4.688206408818556,3.6758366391062727,4.432040698130919,3.7038234468301114,4.750119310319417,4.167660373051957,4.9952159342169695,4.574425968726471,5.248279562791184,4.796366481482975,5.038156671226018,4.272667169173553,5.107942013343168,4.362997428973511,4.398658420840894,4.741474963029219,4.35761250585317,4.335916462937986,4.193701924979683,4.5894563670953055,4.170440688927965,4.547123024066283,4.7554374501109065,4.545496356189244,4.1631278237700435,4.579408734639479,4.77056111534436,4.994746645291639,5.021666600406164,5.305346879661077,5.187613845765584,5.572582579453783,5.3118915160496964,5.938196587165196,5.764549198945361,5.59761378963788,5.5967359729607855,5.842962195475894,5.541479378541308,6.025740352471669,5.735555108388263,5.672109930117922,6.40151180346807,6.63933126052221,6.257922223409018,6.636059366067254,7.489506985743848,7.22273106773695,7.563010695775358,8.099990189870208,7.758027895291654,8.253333270152417,7.714602101643888,8.630536026557298,7.515060836871473,8.67214270313582,8.032274541457504,8.091054974397032,7.428013189633695,8.307914740641923,7.827922263940183,7.909603204329818,8.774146766265245,7.595295606454222,8.239258503516524,7.965225694974273,8.169941992362348,8.382349145015093,8.711194195350021,8.206712568600983,8.243323076566071,8.985632955630631,9.270422477324818,8.70953819235167,8.80641440232596,9.136696791251513,8.115395783980697,9.267347077926013,8.021615273555128,9.66134887774787,7.276332096656168,9.815446823438023,7.914435592492429,8.631132694085451,9.367470349868151,8.096308339436858,9.031646411021564,8.969319822390887,9.811246814330433,8.176702162822098,9.734828161795948,8.742661431630465,9.05241891105971,8.279416848023741,9.005781201918932,8.115854795773833,8.79843546350798,8.787051484187456,8.37856156428656,7.664119454224913,8.816519163449616,8.016303413709013,9.111938033898683,7.784185448487608,8.551306489308686,8.506122306187956,8.132479736407607,8.742276866038653,8.186775602897017,9.205745105346057,8.056195555528014,9.33941351016364,8.618954857190461,9.13882085879645,8.420505826075882,8.484060515960069,8.967230932315202,7.466581327517833,8.366871434052797,7.589777109225598,7.926681618293134,7.5240133329232615,7.293968910773601,7.405989797910061,6.906586848100031,7.591049688657134,7.189994062980021,7.402553872664778,7.077669779857005,7.179768800338115,6.4931748219331125,7.304356954892484,6.076242663462956,6.9797315128644355,5.652038876612978,6.633479948838556,6.190500874121984,6.036506839593251,5.613553245862321,5.826609570582707,5.584492803414659,5.19226422985394,5.956103618939716,4.987866173585248,5.968400626977284,5.029177989562345,5.915481664737063,4.845681911309552,5.587747742732362,5.351265177329376,5.90350921591123,5.500035160382583,6.190672669013343,5.5550774701436305,5.683098840316133,5.296377611955,5.065686674912763,4.824117818673447,4.856652535994841,4.710768776734664,5.109266398747754,4.129690674146012,4.894423074324918,4.3041171940167695,4.8046838577588336,4.844609748919798,4.941460496981931,5.194911275704694,5.218714619477583,5.377701360781982,5.3279132040341635,4.589206617673232,5.072012936671568,4.493798403342558,4.684402110179258,4.401776475509003,4.674481985171629,4.156448449691132,4.4846910007794625,4.280915213425949,4.341277056733762,4.14540758589903,4.482492703994109,4.347938313186163,4.07010195334752,4.252441797157124,4.356590182582532,4.46049301117658,4.4579076441128995,4.854334421952558,4.547045858701064,5.198047747214628,4.777159775098158,5.042033127148939,4.789967194497579,4.446670003732041,4.658261000812047,4.4710399659474644,4.4141473719477595,4.280026348531242,4.0816848107178965,4.112172350486116,4.202459756930665,4.434742756684615,3.845479979117709,4.515128216445439,4.5117146392663265,4.798911220630003,4.638046122392012,5.080254337390256,4.910646967490507,4.7163773187001485,4.803641661008193,4.61096482833226,4.470583625634505,4.519498013059294,4.431198871930435,4.255643689235047,4.4003914662202135,4.160897788703438,4.074359245002266,3.9561181852221448,4.39284796237945,4.180880657037094,4.239755576451614,4.25451328972975,4.484885938962295,4.4772710057099605,4.652033192714049,5.115332533915829,4.750215674241376,5.161830318868153,4.71190144379933,5.122743336757017,4.663913387954229,4.914087135394408,4.573981104691817,4.326307917435959,4.655336826642348,4.3846508320172575,4.466139823993041,4.196644466718034,4.3271401818593285,4.683871583541228,4.12962867458661,4.618049535353972,4.969710880120588,5.071624235709502,4.730593846638991,5.333031270106627,4.972813245852782,4.6587101217110884,4.850540830691648,4.975624980529142,4.06838146646817,4.927437960803503,4.873183999856305,4.282570800483223,4.163925143182272,4.367338130275403,4.33376815160115,4.186466137071446,4.453575451076024,4.074208492835357,4.2591271124283425,4.258997999131674,4.451271406014755,3.9656117829680393,4.470683532655235,4.603964347441985,4.8554230137665995,4.625957030852629,4.924503908952071,4.7125532456239,4.801492855250829,4.601256630023314,4.500768093764777,4.2726686175664215,4.302418821652725,4.744119856059545,4.068416806062058,4.045387208064392,4.341767563422516,4.094245637357231,4.189146233499046,4.331478757560248,4.4920300420125265,4.505723442633941,4.632636426289869,4.712607574065521,4.6326606388886695,4.492412360608572,4.313237316310401,4.111783758004503,3.977739919126029,4.366276441415145,4.154362439711884,3.9856657752394637,4.203137631018951,4.067868885894612,4.277965138852592,3.731431482732293,4.1310413800676615,4.178657383620735,4.023666113317009,3.852305423816041,4.395156049430366,3.7040910184383358,4.579593345721557,4.316404578487072,4.764360844691589,4.341967806418731,4.955277025302244,4.534827552636457,4.393070864280059,4.291035066445664,4.2998334882656675,4.0292042217651955,3.9621980508168497,4.370449804961677,3.9377436921993847,3.9672426565488137,3.9646146546800893,3.9689954587817144,4.008036606013771,4.214458477099731,4.251539212167258,4.588238840897872,4.274161101182297,4.689147348006559,4.557311147054031,4.502857571442917,4.447099220355346,4.2873497613271025,4.306982537209982,4.139613099892929,4.191855346759155,3.828108753760653,4.112259611785407,4.229312438666816,3.5549153373638767,3.9598344347874286,4.048165597716963,4.133346203267569,3.6262599979837713,4.247457561194891,4.045993715127305,3.9339634069800336,4.199350493748978,4.320451097190374,4.403471276362732,4.497529561122252,4.447860635221,4.60372937401135,4.345104122956589,4.160894857247666,4.270234777728712,3.945513280332085,4.332392513553296,4.177295751273626,3.976522651513414,3.917221541106696,4.106907331645485,4.131848250329489,4.262931344310438,3.810429248710469,4.691621207892889,4.391948748429611,4.588168222506834,4.5070116957028645,4.749441603024795,3.991780143578843,4.501368020474905,4.0520055435101145,3.928877342740691,4.190943048993742,4.4553602095444935,3.470673636098702,4.187569412986432,3.951247879167395,3.995611392060912,3.656498860120771,4.134754697084421,4.12014849901199,3.6035401125748927,4.354799846212064,3.8181185767054524,3.9837874229749004,4.254012985030805,4.331169762313361,4.631844549973799,4.150408744513984,4.894547955691807,4.4304905660947105,4.692380639016623,4.137201737960174,4.334856171210602,3.970645811259742,4.423560214936728,3.9501247012615153,4.099528253873185,3.7250838444630285,4.2712432916959076,4.12032474716504,3.979601437747474,4.339939440091446,4.298284775813415,4.604272759755446,4.447949537833526,4.659102586110427,4.7856716390450735,4.258754547536369,4.651676013072325,4.109743518431977,4.287157180110608,4.224357442557807,4.122736339271064,3.981522489587462,3.716357196271416,4.544159909188742,3.563976709942021,4.248346763749912,3.8289831995964003,4.750870777070516,3.5313879916071875,4.354942736228303,3.9110610031088155,4.21015216449896,4.303361538350577,4.770855997403456,4.262535515626267,4.779218116601301,5.015600094397856,5.066017498672,4.865509972174956,4.48527078588803,4.803587967952086,4.32801478594541,4.156137486596897,4.26834390719731,4.400779118239874,4.1836480232079785,4.2400359508395145,4.591034116446966,3.9414700660109467,4.830215411980941,4.400766286452605,5.0706919725735915,4.66242582758267,5.290942003329588,4.790607229173177,4.895674533446623,4.915552030404402,4.6763896771271956,4.44186028083165,4.716819889148069,4.721481560071304,4.146333417495086,4.378389412959411,4.232587931056813,4.393287946879859,3.7655563413103383,4.275671166976288,4.209585834443564,4.4295477733015955,3.9975209876894904,4.627101398309065,3.8770488639672567,4.660725622971846,4.3545610888798985,4.711630594333006,4.670475182135894,4.619360861380889,5.156362251838041,4.300808430512742,4.697411741813018,4.561522274812057,4.30278222640355,4.104215354720746,4.458027283747986,4.222938181956604,4.144566347201661,4.11095801075299,4.216494832833605,4.025537103215848,4.27532936662435,4.658871817191437,4.593311172326398,4.801991159518553,4.9034094889958615,4.574455498059585,4.6224079164862575,4.708632666667296,4.138022540410355,4.553302224477127,4.202106865247085,4.456219322383399,3.810404487450914,4.119470872481659,4.242082744439438,3.9975679536660476,3.918791256745652,4.4224010606606745,4.259435569842651,4.046466546853379,4.323434791167571,4.236457244952516,4.198339055478567,4.396604395707443,4.537255119880035,4.421951162417725,4.982400970061613,4.917155586083722,5.197698099215819,5.107091857989621,4.842070599397017,4.620828110774353,4.288794899781539,4.321563304265334,4.368598532279327,4.42688213427861,3.8787976690133377,4.247910310824707,4.124895480473832,3.943047916491823,4.477563718159987,4.579052524268622,4.725105369885757,4.76920801719029,4.958863130410505,5.0693824084599735,4.681907308896377,5.025585857232405,4.0723984666665345,4.99875617583592,4.07224309166272,5.375399745305373,4.483720955550665,5.3369652793804745,4.828420480489724,5.41117382039626,4.716393213868136,4.858655038674667,4.21631053815285,4.263573044935858,3.791677050491172,4.2913795386751445,3.910573736131188,4.175533645749088,4.618459121088182,4.616046992441012,5.005742246905956,5.142475204269084,5.36050903876622,5.925806545813877,5.768324664433794,5.925620869000751,6.034869626363117,6.014078589280445,5.856796563466388,5.8993827529748275,5.784091039498645,5.539335038264588,5.343819362719849,5.453376845916108,4.636348901589706,4.5789731248219745,4.158090967933332,4.597440502246215,4.939261443217588,4.654031388362243,4.71668378800153,4.709973690211767,4.652149290641143,4.164964327414825,4.306885495980576,4.182202837169164,3.8493741271893156,4.217121013204251,3.987048233350114,4.0329549415906225,4.008613926966981,4.113002787431077,4.090732197364167,4.0643896778424535,4.199938963254288,4.326116764148071,4.229149235089615,4.692191390593839,4.500852127869918,4.384510247309997,3.9387458940347004,4.7255232663949265,3.652293731768923,3.895661166707671,4.355837653477982,4.320776242911809,3.831140399773912,3.956057876149809,4.221792009870207,3.5198912666241307,4.044240946769708,3.954143321216103,4.248958166639004,3.473372057477633,4.527448773185406,3.806662406722702,4.022938363154725,4.19553219278653,4.704640218913548,4.50385083397229,4.446470957696431,4.963675108849995,4.367009701331451,4.433057690461472,4.602683255275085,4.018261216481522,4.269167638719079,3.9569294380148206,4.613285563786818,3.7196605988343525,4.514009826978042,3.6415101931492457,4.624445041020706,3.461857835849124,4.989045618375135,4.418672715028122,4.944036397536588,4.965264867146804,4.954330492814375,4.82317582458257,4.609815075000122,4.535296424229934,4.2319595166047375,3.9699498125910724,4.221419963538641,4.182635992467398,4.183714321454363,3.632720147271948,4.54904352386792,3.916532470285889,4.048898730079329,4.1912657020489315,4.29032525380452,4.155068763295804,4.467001156409577,4.097329089244202,4.648765874902402,4.115225623448684,4.903161251147581,4.66811467846234,5.044016542136662,4.5116932805379175,5.002896029551817,4.182157560288902,4.5247546704610135,4.511299620469405,3.701359541217484,4.276725189487134,4.162720414102072,4.099299487769599,4.039872247775391,4.273204029500479,3.9768602522214214,4.377809631427124,4.221471812327697,4.641684522231413,4.462093776067092,4.668722322881215,5.067330207427335,3.903968050181862,4.809161860545469,4.023514591256774,4.144727031886574,4.095096046725905,4.077106056114032,4.4265956197182295,3.6593273517489395,4.377705532113706,3.930592446227865,4.408292814294492,3.5859301277995086,4.36041110982497,3.597473983665304,4.322708371678983,3.87648147543271,4.185367097457246,4.002919375797108,4.285909567673995,4.497634397546444,4.980511577924086,4.522989024718595,4.7528492852051984,4.8939836772282845,4.052737561364966,4.385442907611522,4.066619139611716,4.01936333874861,3.7561251222093857,4.435467817485327,3.917776804765061,4.293150646388526,3.724121707280474,4.563366828759506,3.7917778680721885,4.520922586520507,4.505575760205581,4.3346194465955055,4.773401910960668,4.594513917764022,4.5251268597443834,4.4123519906401585,4.572485237916306,4.16538511951764,3.7329037305712665,4.127666254937645,4.584053681691481,3.6739988574385625,4.010276571512218,4.019453983306882,3.7957151315609576,4.016548495093977,3.796071074108279,4.113244213859235,3.821800542771813,4.3012588940064065,3.7931091342369676,4.02491636017958,3.9461592241128245,4.812510186036421,4.065620859563347,4.596509053409094,4.393252423604324,4.604710358083242,4.152170784572755,4.118254580299056,4.126236079633231,3.7997661339243236,4.029119870364661,4.14294652442137,4.005618474086122,3.7683843132853485,4.2219578810532825,3.9882151171565017,4.104118049939468,4.1044434735178905,4.683371647198989,4.862096885045363,4.6163229664166705,4.622439931233718,4.535499647458389,4.106430794994032,4.286130505402878,4.2638569590449285,3.557735726435977,4.352678701678906,4.083353445331252,4.118673892915244,3.5547719562053657,4.123355153699711,3.768816252052781,4.162891440490878,3.5823445488015784,4.206953811943526,3.3242807509501757,4.280948012868558,4.017057530482607,4.121769841710723,3.9387292322516396,4.58341077546278,4.381872418721511,4.773619426091506,4.633137858708693,4.2399251349767,4.859759387771282,4.062406525214509,4.366923274596527,3.7988169713815036,3.8377728948990453,4.52750167926152,4.035768786271408,3.932949794133501,4.110888106425598,4.20512978037198,3.6326791784167263,4.609831553300214,4.46845174392064,4.623072813351943,4.634098575909927,4.8058368070920245,4.479835944970443,4.2593529973427415,4.547406756480529,4.000381320416923,3.7478917440772035,3.999719131886955,4.185350680053229,3.9797269473473187,3.6508983419338836,3.926466608047482,4.016905927658076,3.5258116577068943,4.341103442609305,4.087921751439567,3.688770897189772,4.214126062293842,4.021063177287575,4.09196598043044,4.151855938037232,4.9651625223954445,4.495322082837417,4.8584489973386065,4.822335021197789,4.762004032929733,4.575886523326232,4.365774175723389,4.556533233722046,3.990320711930589,3.794236353337762,4.46491019090016,3.84219979604085,4.389901994069412,3.6837998780608148,4.712146796882147,3.8002755232652006,5.0394631834824795,4.2452064987023626,4.799581489165617,4.794984187682463,4.887546118100477,4.523316231568647,4.365723068316773,4.3825984557469635,4.320664115746811,4.076943177779511,4.347086641391113,4.401545525491232,4.179342693984504,4.058388756116227,4.5042169638474725,3.9180504544575974,4.046449974377945,4.222909613450363,4.282641403377052,3.7743778690695735,4.478311845858886,4.045654161969816,4.35240301807721,4.22376487811406,4.892006580432248,4.441519622405365,4.698200146853917,5.069339650471997,4.8772391565640705,4.774330662091566,4.438035502036407,4.499226212104156,4.079542052348452,4.507961427867405,4.183284185727433,4.246390418608978,4.060097132523851,4.172385694682593,4.294431625207261,4.058136326869325,4.451156454881027,4.662657584746672,4.889953574736906,4.410004716813558,4.969075340827299,4.6415646870930924,4.45408731301625,4.466909284194306,4.2069439204533845,4.242768033345536,4.1712815186381285,4.5574308462937605,3.7762239942947993,4.1782982204357735,3.87569334854682,4.106842638353502,3.6591953587532013,4.504369438687954,3.6899481555819484,4.150765335361158,4.068707615037755,4.342831562558805,4.012666160662965,4.413555293877915,4.56405552119016,4.092067116101578,4.839482626517605,4.5287096007664935,4.507762568791701,4.319909122983609,3.9923398812611857,4.318855974376197,3.7141552360852526,4.181023010909551,3.9942009089390407,4.171015241940811,3.5790030916531856,4.401983132064336,3.9898151083787248,4.028042200505729,4.313790775140122,4.38849433978398,4.620476770003631,4.72839581926663,4.750886332690709,4.553270086844756,4.219721817572907,4.406121992667511,4.034433839023109,4.0111855242649685,4.185017170608038,4.041720101435974,3.963287923038002,3.728838014503317,4.228967019120847,3.548422998189923,3.862265484631058,3.984603676795956,4.057671874860918,3.7909557901819517,3.9169996177156725,4.168733683526511,3.839092750251291,4.345635927518204,4.386008128921185,4.591102467377976,4.513493792812023,4.730856623252226,4.69177720387776,4.2886946332454645,4.3344848726193055,4.078758419354753,4.078431830008819,3.9506803401311203,4.257344915767504,4.205294326146439,3.856671496232347,3.9716713233788767,4.266237213214234,4.014990354379014,4.229786799748734,4.677967613538099,4.408647349675491,4.8380398746331466,4.577092427810027,4.766341851651663,4.208385286231832,4.5169363292058256,3.8049347183108297,3.9912642190853718,3.861513636112209,4.003269587457176,3.9519481172164252,3.899259038865562,3.822684570153551,4.06539225230614,3.4114162780841184,4.227778187791502,3.790387562513348,4.108407901525493,3.6623273108402867,4.314321518739059,3.5468942044178635,4.594523863395049,4.269157144824659,4.763513465722395,4.231207882960631,5.013333663543058,4.547104488213851,4.389394141038253,4.311855682929351,4.20962516744931,3.9551841613650276,3.9287918982903136,4.404151490529372,3.9115975734591455,4.031929586827751,4.065125463803605,4.159720314343766,4.07103555053472,4.304620252450302,4.660005883773161,4.310811805327728,4.778739342292143,4.274384594758347,4.405937493741507,4.317277208169296,4.211921345790223,4.255910335381821,3.9234651323159504,3.9994603999455722,4.323003012736633,3.8682555137077923,4.131781153380866,4.0858036050200415,3.799840515851971,3.9146486339966406,4.1819669147332466,3.902440801560875,3.8603411161899537,4.335945172011846,4.066992031137144,4.119125422040617,4.277623786528901,4.564029173453642,4.623816972573592,4.6145586736996895,4.9917998072504925,4.721244588692976,4.514207210143402,4.658065685828521,4.210320027669266,4.138681345880027,4.258793273866171,4.418532807429625,4.0623364146550465,4.29116839965184,4.39681873997052,4.464915555318191,4.3690884979565885,4.960726707776379,4.8591926178336085,4.964673008521391,5.04979138940572,5.1849188860257405,5.329327519734696,4.871275771558278,5.0135420234998,5.213197729190184,4.7513907750447535,5.4785498162110615,4.874479900300496,4.712292249997451,4.712971787055326,4.6772568746407766,5.06878789752721,4.375287831624345,5.751580791175362,5.209476318061345,5.539905966122941,5.3231356510519925,6.835779634316768,5.96596280058225,6.7492791207631475,7.3116669305165685,7.260271374781933,7.906256577571244,7.391101060708371,7.92241721590361,7.416534542640058,7.804671340783447,7.484663461049405,7.477757194836942,7.589051951964705,7.5484399183591275,7.8588894732793255,6.885866905053461,9.112841355403278,7.575743356545773,8.188040999968857,8.779451489051194,8.268602971633287,9.255676856835697,8.353077292044969,8.887188362677906,8.497769573529574,8.41555649002394,8.08823077638945,8.41587066133818,8.456360363562913,8.518554439147325,8.562709979613633,8.40616591890654,8.570373543103546,8.53945099671683,8.31857171734175,8.103982715209334,9.046442302068087,8.326345618565886,8.340339371760695,8.919130380948395,8.548905708392471,8.180770414670317,8.900770049889895,8.250798919995635,9.33024259289107,8.697264400323244,9.950739116271352,8.913983797629687,9.177590616544101,8.42460457523665,9.136285717089983,8.698183520634979,8.290294801791518,8.719189365704866,8.12416353782019,8.52979862769446,8.327280654509872,8.716733295520159,9.228466735680911,8.828479342063279,8.427820790608736,9.018560894330356,9.436086726983403,8.260957098801942,9.610442665418002,7.5167403956254395,9.018965050776812,7.7939059325059326,8.28615262945494,7.056857127745952,8.89814020474753,7.250956027110423,8.135910887320847,8.062748385270446,7.693982948859541,6.984147482713067,7.557142926057189,7.453093286355343,6.80884038527807,7.81575870354971,6.623667869170509,7.715480107863751,6.756744283040369,7.591211608250943,7.265528354247419,7.459850389560071,7.290837698777523,7.082898013194408,6.934309866031015,6.554090486367545,6.817741385300958,6.099033922751744,6.9027637000878705,6.5236647220452655,6.1196571465333305,6.231034382184348,5.93847905953725,5.630871346791583,5.167599014838529,5.777956126530964,5.8773541184266405,5.885076735814413,5.528749323685958,5.931222066481907,5.2416077753901416,5.339177497227982,5.21192431410153,5.018713150819136,4.648536580403639,5.166998868783307,4.991610849698377,5.48939961870511,4.93043527454137,4.848955833514524,4.6790035661061555,4.484291401803488,4.980803459684047,4.56256273587544,3.961161365310348,4.887531990607572,4.058812790711717,4.356808379590507,4.668326087792708,5.2272392352422,4.891434524854017,4.826798359950376,5.113628257115675,4.842540940841032,4.794201976855589,4.651537963946654,4.405188176333899,4.0020720704396515,4.373695644934966,4.3804709287484425,4.385520389874771,4.21608665188153,4.213822143872574,4.478849402268723,4.134026956160858,4.450400626262024,4.639397618373229,5.055994751056028,4.604593778451278,4.959473652442289,4.696419865787023,4.3029164859652465,4.442766226232047,4.4565668519337915,3.9010560485720607,4.440444428622716,4.231083134015396,4.547598398625845,3.8039094099402386,4.33791497568289,3.7363314090172413,4.0206139062841695,3.867584315339719,4.497246843477085,3.9144910903771666,4.325339226325348,4.221113574206824,4.280519503056999,4.274428882300848,5.008987979491545,4.564956948359801,4.707483349641157,4.902122898896529,4.775558666785551,4.115565704902009,4.556758155425384,4.357410497268036,4.062536397775011,4.1982285365462255,4.52554380734761,4.5110997494061715,3.8862642176945967,4.426895243724181,4.2467487295468604,4.169536269505815,4.468617451985671,4.973516205151868,4.990227474768949,5.129474362929655,5.219997196992231,4.871826061805082,4.673744409879042,4.474953318536276,4.585925622781113,4.287271422942474,4.352994142472739,4.458302571376159,4.34839163978894,4.301407897075011,4.168248356183366,3.9899749513467118,4.113055257797237,4.382053037683163,4.33428207258383,3.895465976993239,4.417306892673168,4.076501084168748,4.764823189775142,4.205682774384813,5.215607508023572,4.789440153439833,4.990430845816922,5.052830230792356,4.980141868193937,4.708262234528853,4.600199364026382,4.412524090607955,4.390714424451187,4.403146715958907,4.4531176623702,4.43340656369924,4.326673907836273,4.354654575188949,4.407844837506607,4.268751451571777,4.113103515704467,4.843714938958478,4.986273588736845,4.7458401449521315,5.094967856009794,4.507226332227384,4.609248360097402,4.47577542384465,4.345811640818909,3.82809344500303,4.735600341161085,3.992961850066976,3.943319899737831,3.916707807580626,4.412748092214261,3.827725696265694,3.9309443054596533,4.008655002017812,4.324547713696952,3.9094353577494587,4.123344009915982,4.136222203572587,3.9794151982665023,4.510396504004791,4.618395321071142,4.743355264266325,4.592823809087271,4.818200046618772,4.769258501132323,4.5853144559264125,4.404055169423416,4.136603128512696,3.987098097602524,4.1595515140891015,4.588716413776073,3.7513090762495964,4.291982538302734,4.1162924881776135,4.249672364791229,3.899293902715043,4.449001386960342,4.619866069157911,4.654910564025238,5.007859563430142,4.3930757077534945,4.913444215854002,4.3854290446639,4.4047710963090205,4.311115506490067,3.568215977748233,4.501354516446584,4.09941806286573,4.095465396245315,3.9784414966901114,4.102908156712846,3.7227357995510078,3.698197891811526,4.313969710767263,4.003765402932957,3.7741366097331026,4.048840750157829,3.9485642599066058,4.205827593406038,4.247075736224645,4.435391324559842,4.421738895972563,4.616410759290053,4.840952972968412,4.3878149243195805,4.218712412913635,4.615205505788321,4.03255746444066,4.019107398589448,4.319909560283019,3.8085985179742137,4.477280842860534,3.7938863833745287,4.3414499302705085,4.0671828814347535,4.034952419598893,4.442160731156661,4.48506952365239,4.636072947581603,4.912564122279478,4.623987514575316,4.806495434840513,4.6391750546296375,4.4909884913762355,4.058194065888719,3.878154345353441,4.5463044555981895,4.203584001859024,4.109615902503327,3.8166664894421856,4.388160053094223,3.824435896476107,4.112460778554277,4.109104573329285,4.460657864411666,4.140510204633073,4.1841782816251065,4.204829201300935,3.940625332196549,4.422354745765522,4.687245361407592,4.782713805039717,4.794905219872786,5.165049582322431,5.081118031342816,5.006685924132658,4.730013317664459,4.606371585925413,4.164451315005616,4.366235011418654,4.230980281432465,4.5519723924001,3.9876120014985355,4.249617878993347,4.202587238152817,4.055159610211845,4.565457523663833,4.6898195572694075,4.871479341685765,5.220102189381911,5.131047637065244,5.164579704602552,4.81319738586743,4.807533052762343,4.152937659819916,4.723707311948135,4.679215187629056,4.887326525052382,4.972620482146732,5.068551606734586,5.052117549479,5.433811554809407,4.441640350023901,4.732258685529226,4.120558777550853,3.8113864833116504,4.207585753699139,3.8885817380746177,4.4780639202396015,3.913556087215739,5.009948547979189,4.84707755893468,5.520362238486603,5.585594937403993,5.74298792560895,6.012445309956867,5.9567924042542755,6.322357861598333,6.236083979209265,6.1290563960870115,6.207545228799185,6.1266361673673,5.78410643061002,5.813481726249057,5.290451814730956,5.281471942265823,4.835956703027082,4.865152796109512,4.387343669732407,4.956841607888533,5.198839368422819,4.892072198092931,5.022836185296368,4.827963332732512,4.819088744719815,4.605830108722046,4.620830721457792,4.478893646796539,4.103320589959617,4.566857169469191,4.287103120883301,4.568017981847121,4.11946359356244,4.532001585563018,4.204564921458558,4.683845539887739,4.565062013467148,5.3817889948685895,5.155178806384398,4.643968737920118,5.065110115607572,4.550327374637121,4.598776117265218,4.660892949998373,4.234349349339798,4.480414833724493,4.333592767516767,4.69372672637303,3.781134044826027,4.644306271970266,4.022351506650444,4.210116502841309,3.7928940473000177,4.61826310594876,4.031239392558731,4.591253794034316,4.090768447717026,4.226936666568116,4.458245701392485,4.732071873744323,4.880767101844145,4.654638984998061,4.994403817256284,4.839882044394805,4.771812209685636,4.321053239901857,4.826585195859265,3.950473049581048,4.2928768225510865,4.153797356684997,4.583261801799132,3.9725838526089943,4.334292140801743,4.244547833998992,4.484357342322662,4.252651529014106,4.406600825389221,4.9499004371960895,4.555471028983587,5.070641950070851,4.650199573934072,4.7969266386826765,4.1226015136639225,4.458957479794815,4.219949654142058,4.006816899478432,4.30001099099715,4.232941004931922,4.043764065206046,4.074634239375587,4.144372104207671,4.020825227598346,3.7456774077812804,4.693814363082243,3.8275295935074456,4.179586052497223,3.8597461912035906,4.575215491950505,4.245942732989784,4.567845290601247,4.353818665345504,4.6559706362088455,4.742402386267973,4.649830979903532,4.351951269706084,4.367788614928717,4.37687761296828,4.167891182601448,3.796271610061325,4.304702850282188,4.085669146478171,4.017936673959094,3.797361312707261,4.195179987748459,4.134400369822975,4.301670062144592,4.175351765950516,4.52447320779164,4.565157469312345,4.451972730954481,4.4895463736851955,4.416375425755971,3.9937726457913683,4.25249347309271,4.008162388404207,4.3270306214690155,4.064579312503333,3.8554534956812825,4.142867384950316,3.6828708191712667,4.378746844232077,3.5558745871980966,4.19783299773931,3.6981643565495785,4.4464640268683375,3.562928485572336,4.50479102700948,3.8908204304178526,4.561115313371016,3.910703104436394,4.872636586030318,4.688837157090498,4.644937524497503,4.5923182018597855,4.649787835876141,4.189409360587591,4.0616718397537825,4.565618660151952,3.7880943975845947,4.153942209084823,3.676615523894626,4.549614408910268,3.438200863301754,4.585809618035947,3.493352894484995,4.518488775094345,3.8638737651705704,4.70538875073194,4.4225212057431476,4.382493184606229,4.657028137048078,4.334985633790488,3.959672172963614,4.457273693879441,3.9484818944334927,4.1195598372817,3.8428921935955644,4.324558249413962,3.6015380344788217,4.290688789884244,4.002418835063772,4.01987688442071,3.625122808217999,4.152146496574078,4.21221710046132,3.6149468670288694,4.2808007594943,3.777031320035454,4.153700075944261,4.153265577157335,4.95459091862042,4.280646674235657,4.53052022536595,4.571760379870727,4.407966301043823,3.948430491487181,4.189224859178062,3.97297228078047,4.078455652892585,3.959735948840773,4.321633826295528,3.7181342431902866,4.295890576442077,3.892498107751208,4.247435525258377,4.041630929509795,4.420289721190924,4.583637280166143,4.8712056704362166,4.5388922402262635,4.697596478064848,4.424687291085714,4.296001661618545,4.18951561659574,4.471224356591696,3.843843359748519,4.167789032161231,4.192632293403144,3.8253476355473164,4.405655834376807,4.06110346059004,3.781493143041926,4.059292567769681,4.182739442388212,4.023176502883429,3.8693066415190676,4.18550842136144,4.179073669513063,4.235063438117499,4.597301922639205,4.703895603020979,4.921395978629582,4.845414316256834,4.853140215476347,4.8449844022591835,4.42405681808789,4.717937728961302,4.176377344926194,4.167790995438889,4.138994141519065,4.4363423511385855,4.121150449117021,4.307052326997114,4.404993612368897,4.7101133437951335,4.37786499579747,4.979568576415372,5.026354937156034,5.139574333031964,5.0030528816580695,5.090804856618238,4.901664119660847,4.723232207000249,4.849619737466169,4.4279163120190255,4.224111919005705,4.811916514237716,4.046987008651092,4.840256739656124,3.6935336479544594,4.5542088744044245,3.8930280931790624,4.674447953303648,3.9032575997710173,4.703868614037825,3.6454140208164825,4.910538127024961,3.955068356593447,4.769195704062772,4.1990399761994635,5.185620060761762,4.561899698575333,4.713553680976224,4.910861860116316,4.5243106206258075,4.534803701341145,4.470447438657278,4.194347107013062,4.218668108979856,4.267800348798429,4.429622119267775,4.319005872805908,4.01311240047216,4.3765016528963985,4.275440032084779,4.131367605527237,4.663924882113928,5.037714577515913,4.649879421889776,4.677709315717213,4.565327814420058,4.422113706668212,4.4167153319716395,4.382826153933997,4.532806384166076,3.9307222173611285,4.367886149585241,4.188648211558656,4.2100378105044305,3.870417988101637,4.3218493672211915,3.722591940462585,4.09185361842314,4.100114013850684,4.415039045612012,3.6302702471613855,4.699053179820372,3.893701802094773,4.365075651109214,4.352924681504562,4.641622165044143,4.6028239591916345,4.468761137326553,4.7204356488585395,4.540095607837035,4.152098052203652,4.505521397292608,3.8791064631938905,4.240401075979069,3.5976374387741057,4.610775861442083,3.3756000015139564,4.366052465041473,3.8889936945835712,4.2370022341608955,4.070038922826445,4.58842970589796,4.404882538020606,4.647518236339086,4.73884072740872,4.645807123978926,4.5227983925739865,4.0887217899163515,4.480851655900472,3.860715044538176,4.159906028211112,3.8047371337811113,4.522382232844824,3.556480413675305,4.146416579286254,3.850508012672261,3.9854861603180542,3.8736743481953897,4.0697269436717,4.182225469052787,3.6428418393929776,4.314236496388908,3.9567844376961343,4.12996360023816,4.098024166524405,4.872904150088622,4.333240680396551,4.434911070764058,4.59405901630719,4.491935028731816,4.121226868331428,4.206387377679343,4.087809493243691,3.7679857155680616,3.9094966933131183,4.315981570283566,3.9667343695958412,3.8129936083157827,4.325787554681296,4.051160928905006,4.185090909898276,4.365410483777517,4.819947135051084,4.38213653047879,4.775452419221394,4.6696331449349655,4.4417652376492756,4.339243670304611,4.1982273971041,4.234878217875952,4.066268876393632,4.298009178241089,4.026657536923881,3.719764890670774,4.307099647323285,4.081547263761357,4.256149075031275,3.5704789207379,4.289624076882992,3.8070326052109364,4.169185536801809,3.872456029454865,4.0524486611286745,4.125220529735085,4.535389724572494,4.729743308623625,4.507668033540243,4.724470072587325,4.659234851201369,4.447488424380614,4.355131514966483,4.068981125056738,4.426104936202362,3.9116967543959573,4.199800398151075,4.270327961047485,3.8382749029000576,3.9241310103734293,3.9220355900128645,4.202585210502142,3.948799294034637,4.470108530124022,4.5983302446206356,4.813618883689237,4.677769096692397,4.6555053015549905,4.513890953858688,4.156369056502973,4.531310306390122,4.425216226180389,3.723529435396192,4.318705005248383,4.240388273795441,3.8707032796740486,3.9727287875612554,4.056378248830631,3.76845969100793,4.216965118249252,3.9930838962395945,4.458076709210866,3.6676558323701203,4.427632679641241,4.284168006976441,4.37899233659108,4.602463033994033,4.771210121711089,4.796138915618254,4.878735097348684,4.932700231870008,4.731536725362136,4.812127430041625,4.452949567635849,4.4851938470204615,3.9930370160937283,4.485537716945006,4.263848143517967,4.449264448583121,4.182094119389846,4.457958924372986,4.517667073806121,4.548078713119025,4.742174342473341,4.928181339104963,5.036094986995055,4.805015651782346,5.082779314120604,4.732335995038344,4.347722390592092,4.468935352166488,4.743770034015172,4.182712919314697,4.46509867747624,4.500800096591308,3.864228142201897,4.5549989493687875,4.096788573066389,4.381472192704672,3.9752917813261313,4.408370912969107,4.494442258675886,3.99254241307576,4.832013718684508,4.058520837823545,4.688786539634062,4.2814685901006015,5.062370361884427,4.7476846178372645,4.845283300479245,5.014763205846143,4.670473914941145,4.676861019929243,4.591691480477645,4.2449115892251275,4.645850646098449,3.908639554580049,4.629275189240767,4.073902986844376,4.195719757874801,4.406845271190003,3.9290591879685683,4.404021021922424,4.356363651454443,4.653111788829161,4.76112352450688,4.527194481690717,5.108045104344679,4.529436804950231,4.3443286439776365,4.484720278680317,4.283760486443834,4.3089659329255365,4.498681772649284,4.232849940856292,3.914113390048341,4.198487220704551,4.03458650231361,3.9293779118855756,3.89316382626692,4.422177209456756,3.9619456942876146,4.207948628266647,3.883981438676512,4.638874336083724,3.879360495408373,4.782272888024642,4.472567333777739,4.887848299344373,4.659481930335357,4.713749590714766,4.77592412789662,4.1892342420419,4.2047713562846125,4.401502657930052,3.8101181587576836,4.328383292754486,3.915145933230714,4.211904074847693,3.5884614320596047,4.678250718911483,3.867246170938012,4.250386757552619,4.383656344016388,4.671318431794637,4.808605912526442,4.515801428159072,4.672096312840773,4.3221567007899235,4.37608083814382,4.22220025022824,4.082168578704195,4.060643421312169,3.922789023717241,4.346901936133697,3.51613100538651,4.293391833007329,3.5244998912016534,4.152803289592261,3.8853013311823186,3.9699262044827095,4.1036549802621165,3.6453127167622212,4.387744215528166,3.78084703524907,4.3990095863739604,3.8497806045412983,4.970304890573018,4.288171915610626,4.581750108798339,4.647664637267584,4.593506192763639,4.185037781894202,4.301758558452125,4.060795310636356,4.178968790570891,3.8599229940772015,4.481314545571799,3.377796958684921,4.313692401250198,3.925921596189337,4.03148316721121,3.9812210247913957,4.215692898829773,4.807795972426726,4.253511807521179,4.3494725009798945,4.86775904019673,3.772602512637771,4.546990595757955,4.043294638196624,4.202082432210441,3.3237862766782427,4.714838330348326,3.8363733456532123,4.159738143682475,3.5809166811903292,4.415630938708776,3.693762001792587,4.047433651487029,3.8097026741504636,4.294781693021451,3.7713673924406343,4.212119052012755,3.925149948199587,4.295021411975219,4.401313835183775,4.654821961720778,4.587277049819622,4.517895174821213,4.866844247182203,4.236101917823151,4.256192296544706,4.421066891749694,4.156945379873113,4.2442931171258245,4.121579817334806,4.010108880698677,4.1530169912179264,4.019530495007828,4.037925473054247,4.323616399367645,4.109179350932435,4.52931992967923,4.490226493676498,4.811416032016271,4.544877525170637,4.831350690921141,4.699197737773252,4.428739826480542,4.477741157611206,4.539587055047346,4.243481667836503,4.304175836741918,4.484270253976181,4.195131998856858,4.0241031547387385,4.777403280337644,4.095608504613236,4.570273154576613,4.437138672769064,4.3571693262457805,4.206960845788315,4.702874888976408,4.631192532479757,4.637907222112014,5.454362296660738,5.134560439189268,5.515527096589402,5.329383284747595,5.458696868022278,5.575317014058428,4.865155043204618,5.253825960059955,5.00916923016309,5.5764742876092575,4.898047287364793,5.68209359973669,4.803553141156827,6.233055226504803,5.089190708001448,6.012073765595753,5.606821281611917,7.0492698462804215,6.877691168387736,7.7995683582623885,7.349128782351817,7.9075572439034865,7.656767292817441,7.323276519378032,7.684316250880569,7.26114251573881,7.598129260142652,7.676561507781354,7.523282647927609,7.469537223180141,7.076214696963633,7.756636071999875,7.372257939179746,8.177209391196579,7.186539740165079,8.760518853267046,6.920990175803507,8.03704211672148,7.840173543294281,7.561138202746715,7.923350864251464,7.642331909736006,8.650419307549805,8.143491459687562,8.871598305304857,7.262857025464382,9.019575540622089,8.474903674920409,8.663372124036165,8.296048363049833,8.830827371676778,8.433193444808333,8.845336070855472,8.32599025805792,8.755702970822664,8.807533835967392,8.110164962609618,9.532147274812075,8.964622355302186,9.484316659768435,9.02461706956229,9.441819492181155,8.698883097966524,9.045718397696824,9.273516615231847,8.225550636847823,8.456978289683668,8.616909683545444,8.503299892743438,8.79581952651343,8.200035423835125,8.191994707187028,8.85351107319197,7.870694809754699,9.01475390036902,7.344424969752636,9.229912006457658,7.727769523461669,8.84702274521193,7.546058597167342,9.421438163121556,8.197580141623826,8.896515357097003,8.836570328076693,9.406037475665425,7.846424190600723,9.284008018573138,7.3711788090070165,9.04786478241286,6.4343680103619905,9.140438515742632,6.896896468003595,8.24791581471762,6.617419339021049,8.538806069691987,7.004246223767605,8.195375032027572,7.654279547532408,7.35061348398527,7.89263636668524,7.459383496840801,7.658636905749646,6.909583352406823,7.506327031453459,7.112137438853588,6.791536459525429,6.333990864356362,6.698163623412452,6.303991596301398,6.4068607958157875,6.208920312722525,5.988386172850925,5.647030281623201,6.12658952554067,5.937646213372548,5.796879821618396,5.530121728976564,5.139947219689681,6.165483718713124,5.31200881560643,5.892898457845051,5.7506703563531225,5.841553935607273,5.344500449498489,5.7664890095591534,5.676969554026918,5.713673545916873,5.1767379518349905,5.293684305747345,4.544323920806244,4.618216273387267,4.612875097592666,4.734585274060562,4.361172308524444,4.640041210254028,4.393347837527588,4.612276676495864,4.770281686385466,5.260891486008956,4.935667030413939,5.2930981226762075,4.712394220431639,4.877419435580564,4.508420734008148,5.03648240288098,4.105415452321367,4.374616798957183,4.539284109671905,4.598349868953222,4.362491597731903,4.086357093652085,4.416218454440428,4.005508174498872,4.369644119441504,3.811022493541237,4.470343126952643,4.060359125932054,4.6017262442906635,4.281140200793738,4.538374284108475,4.5399542637666,4.897495970328642,4.803775857289626,4.774590694506956,4.867111167510344,4.724613910516096,4.498257431586577,4.38543841918309,4.4232437058289795,4.022780837615327,4.566996175845458,4.0262509711583405,4.944047450621916,3.5866880710919666,4.6596362121899855,4.26649280627568,4.448627675374344,4.448135487735266,5.097211705048872,4.791653133233381,5.03592579563458,4.915194059212996,4.896786273320509,4.678638474543883,4.382790062030151,4.643577229579284,4.065242952903107,4.606902888615919,4.39986007769902,4.244227591355637,4.464838118155791,4.3925911839803,4.431942700942352,4.497450226147964,4.486238847573592,4.415133043130233,4.174361397822693,5.037586512168241,4.100922199189659,4.9226670785744915,4.869324304660155,5.00920966823895,5.383539858659103,5.336569345792128,5.418117954333618,5.486901864608125,5.295886312325789,5.101174985965086,5.167518916924788,4.595918957789734,4.7499133129914535,4.868769677480055,4.8327007742722765,4.468602963288619,4.818837111790968,4.584543708165481,4.6366124554475086,4.851129048764699,5.104648961623502,5.4760451300938895,5.331041053136183,5.470194534858063,5.541162970860795,5.277581682999922,5.37767723401387,4.590242788394287,5.1579935272534625,5.321226384242369,5.5302452822526265,5.565347566306587,5.42279715418815,5.871525873839853,4.916882594823831,4.870861945152277,4.293034900625542,4.22842131177584,4.4171743944287245,4.084766315221782,4.549334820906317,4.310638846655682,4.670059277713293,5.194288535118096,5.199728608926131,5.850934112866717,5.7955437095959965,6.015828179915745,6.048681319554646,6.207506230672201,6.28024054725965,6.271973994572957,6.0958949442704515,6.168203507264455,5.792861458857852,5.555500559409455,5.379768291314438,5.278536137044424,4.870596162875487,4.90364126523335,4.527253149350479,4.478548888762787,4.827335917552305,4.972142265637709,4.552093369563414,4.890398370822265,4.585729968150451,4.745418127377821,3.913131905496117,4.770629639228178,4.309684116442993,4.150168331464127,3.979766710698601,4.356864226758475,4.2310978813966065,3.7598098953564927,4.400081886847808,4.216464956700797,4.413385217984512,4.450396928389861,4.398681369622542,4.582334118684128,4.480314300854994,4.45054420669873,3.8165769215424827,4.359724474847311,4.256566518247123,4.148090496957297,3.9220101484656307,4.090110255181785,4.1473563977082515,4.020012738406654,3.924009001056348,4.1555360196034075,4.009600731035069,3.857194156448043,4.033363226652141,4.045624600350854,3.834649947583671,4.532770852744574,4.020328961213425,4.472171994149679,4.291946075757339,4.623634883960082,4.811284911334508,4.531599242289856,4.664417738517119,4.449920333226516,4.127120282351965,4.409215321143463,4.288487588961915,3.9651095888018557,4.051699703534441,4.399518897136046,4.347693079312638,3.8227223666508947,4.61419657905896,4.163871669371917,4.612331201632811,4.34691448549429,4.912974187930418,4.746243689954274,4.1622183832526165,4.911786477168395,3.9759665556748676,4.337770300805563,4.059226643641785,4.209888930022712,3.626033676862713,4.286806176503495,3.8158327830831174,3.8461893222729344,4.0240009330709725,3.9041371071338613,4.210382787883277,3.6501098427176455,4.157374470134571,3.637122342288492,4.193609103759124,3.8724503969152733,4.446844346125914,3.911409786740935,4.686784208615615,4.559861095945034,4.706985654433561,4.327579866250351,4.4881748065352385,4.619026293357208,3.741733242173987,4.379190081059926,3.978352249562737,4.100315695703026,3.9559856149554196,3.9338478490710225,4.301341197192663,4.003789016803101,4.36647244304418,3.830625605185824,4.6005107280611925,4.305569117863967,4.70690259188413,4.514815915425612,4.441720173160229,4.375657848914459,4.392346177895859,3.9451143714785526,4.141064618527886,4.133649952113624,4.0142816994587545,3.909993617137268,4.218441717227296,3.552100441157815,4.133903591533498,4.017335614959395,4.27082386354605,3.6319634494185418,4.0967887148261015,3.9354190775752027,4.091714395185306,4.041965510447816,4.202633117039993,4.522081219752624,4.39541246970494,4.874863425095868,4.699041752417877,4.811166163484248,4.537942361533636,4.147921157777304,4.315780043303961,4.13155911892652,4.350568328698471,3.70824679235617,4.327523028552526,3.769766189754006,4.404481125771993,3.6833227859934135,4.584290994008375,4.27171885212262,4.201278831760083,4.450230328639342,4.751003135045363,4.891610022385908,4.765321507056548,4.806857285102202,4.539519040187194,4.363764861424757,4.651299211680883,4.312970058520629,4.052594161828356,4.4595049758752126,3.88360001047452,4.237242245276764,3.8856808134913403,4.416422779361401,3.878380671540893,4.443715065717692,4.167025314271444,4.325831383268033,3.9522672841946243,4.262473125159736,4.6809604247411025,4.377895761529599,4.679565708239866,4.804384007056547,4.921996354659392,4.480013277133301,4.944282991488767,4.34560375531514,4.656231422026946,4.383680550654723,4.386408208310599,4.29249926288922,3.7562321277459434,4.647962351739399,3.8366991016268703,4.196596290667845,4.1979761394858315,4.585035865008824,4.295432487328842,4.877438631852462,4.607499215205504,4.76811488827069,4.740679784615828,4.507248802979782,4.590234582026794,4.227930276095862,4.331005848348136,4.42883966406186,3.77089840263128,4.4154682250817565,4.130732826987898,4.2102894411484355,3.8386493142445834,4.432947160104906,3.827264292041457,4.160127571721867,3.8320732151468566,4.212079193492726,3.660168180366355,4.198579315741853,4.160834306279813,4.47048464874426,4.291557203133895,4.976164762675755,4.473607734044387,4.887171289523436,4.308673414786651,4.5661044761538445,4.532709114154173,4.1537597437699585,4.378401994407172,3.9929233418901724,4.495117792685821,3.692294432818887,4.525758689244582,3.569736922581988,4.115374975999191,4.6684946247935235,4.428905846675232,4.787290902932478,4.648849525054288,4.7966420431931756,4.3571964832146906,4.851562989652151,4.18201100458701,3.976847834289069,4.495790612300231,3.8961205839117325,4.004680501023925,3.9330959221720643,4.0152731808026605,3.8158016214768042,3.740063876907028,4.148751718699926,3.932021302183466,4.011041593352949,3.6636138616998966,4.421058616439495,3.6590349397063227,4.401857229272519,3.8532395609219834,4.4945121381680115,4.111522763768828,4.969849488337828,4.523434351384633,4.5699555786450645,4.393605897029236,4.35299914558728,4.421245303948714,3.978058041036125,4.27427609165509,3.7125730849305767,4.381648266017432,3.921789138118423,4.022380297978715,4.064351096947982,4.136931678950782,4.299594488938645,4.253989975055054,4.358451140721634,4.569563734134032,4.3312776931126855,4.435579038461044,4.364922405083968,4.224798224767045,4.010288963119184,4.156357491811112,3.8760010810693086,3.9306549057364424,4.245892603198683,4.011627615292863,3.7553755557537056,3.951651996175443,4.22334696869055,3.9276598523060433,3.619289060831067,4.156588598291075,3.942984567781286,3.8766648288567813,4.255746500194068,4.003067421813802,4.425534591277436,4.520383897721761,4.399246003230407,4.7664648469289075,4.503178652226919,4.6532294984658495,4.230009305079773,4.171816056668752,4.457395400702949,3.903474075595533,3.750067420005796,4.13077260812123,3.8724985453486407,4.0980626830458595,3.555649295846619,4.478413421809667,4.083009962638214,4.55345169504483,4.116995079119995,4.98853084166844,4.287113473018005,4.595432618459061,4.6627078374226825,3.7532712038358023,4.408491378625229,4.414569981992239,3.8424090502659443,4.053164864579832,3.931868239243822,4.324544235070541,3.635419126451012,4.235887793004507,3.7974186658859215,3.9257835780580814,3.7722954854369117,4.261294865310187,3.5949428233504266,4.145851344863569,3.9550544318556744,4.27529406646887,4.204843924840286,4.489438333113983,4.887463500102354,4.5581272872288965,4.6544702955086965,4.471819932063415,4.253952468236283,3.966194300353522,4.248518054087952,4.044361263314879,4.008740868270393,4.174028148353095,4.137968775828675,4.16382446845372,3.907049979766206,4.85877371867497,4.174494264920548,4.84535341938336,4.46717456787824,4.996384315093351,4.67731195777654,4.813149780829741,4.44762268741925,4.646574512322736,4.079840962489441,4.489135652383163,4.418721016347402,3.7074374337991043,4.70379314631223,3.812454409201936,4.388065920869504,3.6868284142017336,4.498106474777056,3.774950855871039,4.084646643300846,4.304413775006925,4.169661650359626,4.274129277169699,4.374009804526959,4.4417659660180355,4.624802982409788,4.976215904553725,4.789111089309049,5.1025267954667335,4.59183800419171,4.861945858796431,4.456106493075683,4.6284850879510175,4.211725915273026,4.545836746394629,4.244579871495559,4.364603185355657,4.119586857159928,4.509301496346786,3.7989538808663643,4.601834870179488,4.388731971581771,4.471473375161484,4.610378980239226,5.007402600844694,5.008705560763669,4.458573551972702,4.917789076169325,4.3728771421313235,4.108326150178906,4.367768865426374,3.981106569568313,3.9466521378358164,4.280585103929039,3.984564469754691,3.7190284407138803,3.9331388043363846,4.071701729198292,4.342745069066678,3.6937712809443446,4.4751790341734825,3.857346614400542,4.246840220491087,3.9841679951548525,4.679769302209213,4.047975574433799,4.768642896016432,4.567110975583387,4.58091978391011,4.723565932114912,4.687529716094328,4.570899604161575,4.098121827642118,4.154296414454773,4.287926200429593,3.8113985200722986,4.227471574147536,4.023714415729042,4.044563272794084,3.977497293551758,4.286798510154083,4.171666411956146,4.310479586919144,4.503236534198119,4.6186953969796445,4.666108637650801,4.413117427428559,4.482035981019333,3.9724900780121444,4.21665363401174,4.062770570317899,4.111562963426109,3.991801100671287,4.2632487865289015,3.8567436097065575,3.7184054967761004,4.114733265439665,4.107116812368229,4.091504455606139,3.9745025587081866,3.9031595608592,4.092580923835431,3.9376443215211197,4.114400062163665,4.296073988278702,4.261839215358092,4.7298006137212045,4.472655822932714,4.611568456490828,4.872841120560957,4.550745060046507,4.628121268351866,3.6677492842078188,4.627017927964522,3.9971849330266274,4.027334906756874,4.260764770110443,3.7887413724263475,4.205457564194992,3.5332236691315937,4.78476011961698,3.9662456174691467,4.40142025550206,4.65553512891133,4.716130450566603,4.466461289723709,4.3438151343663485,4.760271080334975,4.107710905869798,4.281153442462279,4.31864221900701,3.932896862824754,3.810865563054877,4.389198343555126,3.8457758696873947,3.6413995289802528,4.253961958686506,3.8747194612026177,4.193279218375678,3.387944847047326,4.42592577785253,3.524700264732041,4.329011712968344,3.5962178574005743,4.857585653861356,3.755402068694431,4.870963126023603,4.425750907262161,4.5959266455968155,4.550963923533752,4.267669391334052,4.655756876170629,4.001428004205223,4.187538336118056,4.266929325660065,3.844688268601891,4.185185973346229,3.861084286769227,4.039070779879884,3.87023366173108,4.2180001993974,4.277931462228293,4.407442597945526,4.469397983252996,4.622053925593687,4.697884811957671,4.51474880178769,4.531790799697234,4.339405057032898,4.3245525155464755,4.202414411008353,3.904448426663872,4.087445313930508,3.8898178848624196,4.0444417855143495,3.673349356452622,4.295078047215932,3.8125323152542085,3.755674423575398,4.033698929349578,4.286446407834683,3.6391657208402926,4.124933358132835,3.950991873343781,4.4976099810004175,4.159343118369574,4.493630515038961,4.529942334492995,4.62394251664479,4.485563143193716,4.674785351355864,4.223393364747361,4.157865459620949,4.25792837460835,4.442389818032578,3.9541579315066286,4.104185574849442,4.1380198784669195,4.063940443694588,4.225439533789947,4.297162124713257,4.521373991568877,4.350542212327316,4.713286720116927,4.888202249606444,4.807187214692426,4.699137836297348,4.708297420342757,4.492056725819901,4.38637158006429,4.3954023023446345,3.8318354734778377,4.327042417128877,3.987128271758552,4.366484687030311,4.0057910570502235,4.025937475860116,4.280545933147267,4.05240155468384,4.013412531713641,4.3095814097920995,3.9636224565903304,4.1864998624722105,4.3010577996571815,4.736423046191526,4.460360040267304,4.966392929156614,4.771842554410293,4.975794643958402,4.780200771888091,4.918163735469176,4.921140850385023,4.029232687652107,5.0158622248967415,4.17762819131215,4.160394084056214,4.287100647290543,4.45897807200749,4.006436348855491,4.102735298474624,4.576714288791015,4.416809633572889,4.445346718629196,4.498269632657363,4.737767514785125,4.56505778998136,4.6473421855767505,4.5924674161275165,4.03689136366049,4.494563561379903,4.254636039336518,3.9381366153558046,4.0612059828639,4.043110104600583,4.2093320890267645,3.4668557954827923,4.382369128266966,4.05366313785314,4.564783136447266,3.585906789302823,4.3991810498634925,3.6516174051165553,4.5223689076304385,4.124469260772065,4.65387884229421,4.206137215693787,4.568115771710866,4.492781041562551,4.657828509410216,4.527176379859442,4.449737327893569,4.2827615736921585,4.157762236495808,4.448302450974777,3.9942354305585184,4.207418361604209,3.820468657811479,3.9135512241721115,4.171147851546601,3.6971655066808036,4.312156170209244,4.316508442958191,4.376050152381255,4.4538676818211815,4.6839287896950985,4.596188598573201,4.430224257310226,4.8054992194970385,4.043450709283348,4.39494325836499,4.110159018834427,4.376016820271804,3.5146345386902467,4.57497150977452,3.8125843942165343,3.8925587400793997,3.777382459640499,4.395897479951377,3.5190211617946603,4.463036164939399,3.4364745900034874,4.552845698297018,3.6632142313321396,4.29714152793089,4.1147264369328775,4.336208978692685,4.311395817597701,4.684654544293875,4.20421207517385,4.614891345103575,4.569524552424743,4.148483278453345,3.981727633376911,4.352063901027039,4.102438612878318,3.6802516149481104,4.028695310056205,4.112206469376878,3.9552873513102473,3.9424776264031696,4.203312925895049,4.44219245632489,4.294057162602737,4.578431934912993,4.639925082524612,4.685295178492858,4.691103711922957,4.721668982207769,4.277169520656263,4.1671455295880575,4.369215023120239,4.025138717591759,4.06537262876828,3.875331571896867,4.061267423431075,3.4523085784912104,4.308533419171963,3.7661088741819038,4.125322403907771,3.411168989936509,4.281902151902511,3.6244096550345404,3.9629010829329445,4.024104737043377,4.2840090306599885,4.214211083551243,4.560903265078856,4.574547439416243,4.754081086715056,4.35262165387471,4.716168984969451,4.466088448365523,4.0083768876393595,4.378374473651245,4.199142577548817,3.958731220563249,3.755651531020797,4.387473103602721,4.0888174626231155,3.8110324379801717,4.4475803478558795,4.1868228778243015,4.533906290133788,4.402041267951324,4.942891333897902,4.4583275518814665,4.702813701232268,4.35856074293454,4.511010036071136,3.9442885431647254,4.8251973350842725,3.561803770959375,4.001764489213621,3.9925798019766763,4.0466890453298845,3.8054837545752505,4.077332528730228,4.220459770858285,3.7878174078464473,4.007591835061706,3.7732629953821477,4.300208494365211,3.7789939605196285,4.527001151641204,4.0232969697316445,4.680276492436721,4.259463723599906,4.938352013428999,4.8024746187527905,4.457733349502082,4.398307559092834,4.597491458356375,3.931278960605458,4.66010782450437,4.158922704060867,4.315144576927022,3.9848902376492763,4.55803915103276,3.994145887792107,4.381260685523345,4.504298098882034,4.649223788579298,4.641713553269698,4.756418338616682,5.328247874577833,5.121876352628066,5.2865033896764055,5.02396922429402,5.151399942239119,4.576650449832274,5.276378152171767,4.973284278710676,5.038847159941984,5.184779275258376,4.7339458199342035,5.2795686896642,4.6799187584718,5.314734090268607,5.0000743432839645,5.6616207084059695,5.973552522261936,5.926804005702337,6.34853010972341,6.132346615393955,6.713364499409997,6.806219499905909,7.358707208236066,7.063279913266505,8.037350825866072,7.0041056700547575,7.963354713519424,7.285619703133907,7.219338341554012,7.399920450051631,6.16367747147878,7.933702927430479,6.712583190997444,7.856189483006804,7.574901822408048,7.047440116008129,7.976527536710113,7.532353293498363,9.10307385404906,8.393090523084014,8.887826631863925,9.641271920998905,8.646968018611283,8.670380248626085,8.604576029380173,9.07336470683417,8.1792360230287,9.269153300126408,8.012941178878158,9.406944181521746,8.044666882356017,8.063868372042982,8.928414909442278,8.4041738386949,8.764822640021652,8.386224580605836,8.39505872686705,8.454295595486968,8.96934148391089,9.016338646014542,8.59359520872435,8.86494155128798,9.443144360383364,9.211468695004793,9.336241095860814,9.143121729691835,9.5504021938642,9.373437412579868,8.518357173999162,9.298120745023105,9.106347435315463,8.172575814326613,8.646868478854508,8.07463895757994,9.273082105716082,7.54234707077345,9.195950823624942,8.317445861895889,9.16359868248305,9.100599089463564,9.880974385341023,9.179158671696994,9.765794914563509,8.901462478240342,9.030252453883502,9.01771066149077,8.810720592339845,8.672177675565095,8.903778370221469,9.15553173263869,9.295154321988436,8.960790679156792,8.731607212722311,8.191271818677594,7.727518357137845,7.616423254907139,6.940517921348419,7.0600026581684805,7.175760013858483,7.068640169799334,7.663920708497371,7.1038407786687285,7.699065271218626,7.496470110217738,7.674698357184735,8.263882443507521,7.869541405042021,8.329334883292525,8.295146593650191,8.579692258437484,8.337037018140167,8.25917653520903,7.879773431619017,7.611250890096036,7.464025687774029,6.977700389226282,6.502203068335854,6.03007300456365,6.284060473044713,5.959690651496251,5.974867434104284,5.993075167735417,6.145276823838552,6.060522858699162,6.187037705977758,6.051788923343022,5.681571633418398,5.208316739400221,5.156774022281163,4.933606915076566,5.432983697255447,4.722739897569015,4.913697983821226,4.591303780873611,4.689087602694823,4.4786572750409395,5.046365048487974,5.022541031440091,5.1780441590150135,5.428818599780396,4.99815506299336,4.9185359724362625,4.715981720288588,4.803002940018965,4.535363349517182,4.1457707210381765,4.627332620223357,4.2536907704671165,4.176458137830094,3.9806761059164955,4.43091380198796,4.209181458751356,3.9612569364905306,4.368042670488352,4.040725720723466,4.12512261708577,4.44374021728833,4.090247588952379,4.251410753428931,3.96796986897786,4.783848204215362,4.324506837924315,4.802980378468826,4.439757816493505,5.046887696584059,4.458573687871292,4.732271020015074,4.581017595231527,3.845341510375338,4.343893476625278,4.453559913237884,3.9595682714382763,4.253695504268006,4.427173080046966,4.0289869304498005,3.881250625451402,4.7190157206853165,4.204693727195257,4.78206380327542,4.5219509824116955,5.18059177120526,4.527534856498234,4.427735746701553,4.802844068606687,4.39581654399633,4.042308828532692,4.569566163818036,4.082049486339089,4.202302745183304,4.11327155679464,4.136397782365477,3.697354724407193,4.401465629438555,3.643917652467884,4.684585555593167,3.625780388017493,4.726428345143789,3.6971545752882933,4.341619020402426,4.422680110534026,4.702903207143142,4.522669994433715,5.209984954198194,4.909488528569532,5.125887564023328,4.4821201630433345,5.34939264496167,3.9629786190390557,4.877055887778592,4.15451935132344,4.8212064990401196,3.9227043279012004,4.707451405127837,4.181371126969649,4.864480542739226,3.9453655548890385,4.921287936766936,4.700178590615582,4.620368426740164,4.797879607280088,5.2786755951245565,4.86359743078549,4.890746929248167,4.681058930953339,4.380972755750015,4.5174273796876205,4.238216183980302,4.524354251225783,4.15446970303853,4.467276104390616,3.829933719237642,4.37812845319509,4.21835730661948,4.348634890019888,3.97578318705161,4.139375737607474,4.318385122815764,4.166293737490967,4.107047074735161,4.638055188357823,4.389506067931646,4.819408125480009,4.802307149966551,4.718923984368636,4.9036686595280905,4.612280572255446,4.7265497549374835,4.3367379030585225,4.309163379470504,4.119173816144461,4.0788802071412364,3.9503135666251143,4.157039360702032,4.297844936549659,3.8475261469682014,4.206597700913743,4.428785522977504,4.580303694804504,4.328319489558532,4.875043474038436,4.668623702128722,4.538455328543976,4.6583521421750325,4.346162952979401,4.113182676633195,4.139160650670523,4.206338424285249,4.223085403144354,4.006598916053768,4.436936039527251,4.105831183989839,4.085721683402851,3.8332809814810718,4.454130043884112,3.6558430775006587,4.257423213322953,4.169492771426831,3.7571380205949128,4.01714967211087,4.194032950003938,4.597452318270995,4.595108222564056,4.282197497785085,4.686896389325454,4.389314578572904,4.46336512545744,3.9420036098360978,4.522391922076538,3.577270235816635,4.625406832496319,3.7164383169015203,4.532107522288953,3.5355405147870353,4.5440711005528724,3.7258973321318587,4.318151836097236,3.8782183491190234,4.723174241483204,4.277336598336691,4.793209310372664,4.53893127292394,4.479635755618408,4.5598917004466,4.406907367308929,4.338451809684432,3.8831705425182936,4.466769382556274,3.862245257794853,4.0409127340714095,3.9034044561783428,3.932384264369802,3.839283883571621,3.867626005411144,4.066676591436063,3.946469237605727,3.8690437912940947,4.128316849172111,4.134928508798277,3.7619595619042685,4.341458025773361,4.287049784461653,4.502365157206848,4.687369087636465,4.698264745374514,4.491920973857239,4.64582254737615,4.311587718327834,4.519553287823991,3.9486566851536393,3.9717181155085513,4.461422584851578,3.515704657832779,4.274908319413657,3.8424153049786844,4.124431853095686,3.742653727233407,4.472810338437551,4.291447935005024,4.274864602883652,4.643816977441305,4.5541869171460405,4.682698831260198,4.123472677270567,4.602991163333251,3.6120184302329994,4.16582958310842,4.40715887387593,3.8881634877125375,3.5465429749091455,3.944810041089848,4.353699470559752,3.6000897895296387,3.958436598777768,4.16897986620664,3.9460621618231113,3.7287591441472325,4.1945094941059695,3.8532573219140343,3.8914071879784236,4.219267836411789,4.343973682721451,4.2515798923373165,4.573344255288435,4.652922498782469,4.466279429992034,4.606644453605011,4.239268842836216,4.386613976657386,4.089518628915146,3.948911745349563,4.3119910749793,3.7783822378516168,4.145988000233963,3.7697394762436516,4.106062332093711,3.790541523297624,4.1590762040019,4.331662702262396,4.323340320189788,4.639723234971358,4.442688158353164,4.351183033784225,4.425095187127584,4.1590422423680575,4.294528679450348,4.094544323384756,4.001312271157897,4.207699075539902,3.782084746162093,4.016463176806764,3.91225847681363,3.8907225836316712,3.888969629704947,4.5318688724438285,3.9441095838944076,4.188172197043892,3.891863104899719,4.4301678009827885,3.5008505126833906,4.797914963563277,4.24426087935765,5.042072100241972,4.7376977368195785,4.935669564803434,4.64368441541989,4.57873070677121,4.760256174405409,4.149681258996323,4.214083027442291,4.657021553218359,3.8984978540738378,4.41171942800283,3.5204053483406677,4.471290475924805,4.1092597599824225,4.096171801984306,4.285752073129012,4.888068899710967,4.585557969411208,4.834337089856458,4.81893004258473,4.832506761153533,4.65174390872319,5.093743421634032,4.028716632922485,4.817068866093947,4.231661012967423,4.769558688004804,3.993503238856789,4.324275768697256,4.228186903993284,3.9269205936789473,4.406936689317221,4.363523480792836,4.157236449321106,3.7790403375029524,4.653440306981398,4.0549430783589635,4.170793130000429,4.273630045255019,4.673884455760313,4.481388601859404,4.640225400527312,4.590649817784621,4.491563678582503,4.604926119645431,4.291406620343521,4.452577887475486,3.7713428401947,4.74453749140103,3.8083363219102186,4.334650869071478,3.8548995693524644,4.475821798741812,4.128576423724488,4.123348632653549,4.4083540054162285,4.435772530635192,4.687761582930877,4.622711076537762,4.79549178918202,4.490872050126388,4.566836331784719,4.663952618539327,3.7645274923245085,4.396004965007299,3.9684892878929743,4.248633820613219,3.951421870887276,4.334933527310684,4.086721962392326,3.5818756822744984,4.218678266902759,3.877301235099629,4.115081754724182,3.799298772613203,3.950200869838392,4.0969952746232305,3.9787866925199786,4.098089379866914,4.276435594161346,4.519909269511693,4.639818741877867,4.672331335147215,4.5638310976823115,4.488166300853088,4.27456522305806,4.219206106265381,4.066115088065461,4.115445816318189,4.253684051831558,3.6040853293736745,4.590217934449507,3.5303453870614345,4.342060545285538,3.6770414064327848,4.346452390750243,4.390679877698417,4.373409771621223,4.517493809064223,4.721007860501602,4.489662682612731,4.224884873330589,4.581385492881133,4.068432360887524,4.109284100234503,4.234809785882626,4.000495494306084,3.752340074678259,4.000171642204122,3.816860214372472,4.080958158771193,3.773066147665179,4.036404458284374,3.7771263660987193,4.087370900909102,4.055983264247572,4.039779357512788,3.8513437839349067,4.2218017490704804,4.249025142987564,4.576748065551116,4.409754767119879,4.823685651620221,4.351668304999664,4.481703670819595,4.724747154315306,4.152780910432335,3.971716900765892,4.213779096206023,3.860172872344649,4.348673530419663,3.7650730379422463,4.248343184888358,3.8537946102023097,3.965829379161195,4.115091393788649,4.571827135880782,4.018121579488113,4.650303867657973,4.427442057927443,4.362128436366712,4.388563202222183,4.282153764565781,4.0555648203690815,3.904224478999769,4.2455718632539075,3.9253427491585375,3.7659563763936332,4.261569689214225,4.115997499128177,3.582674676179885,4.1947725448012285,3.9742365345358817,3.906238721311088,4.036087255179879,4.049604680140808,4.09733702143033,3.960959289868667,4.368300367196396,4.201226956446961,4.4958035870393065,4.778633859952283,4.559869165023162,4.954499487479521,4.428955686887099,4.583482468922927,4.30295440157254,4.058221249282354,4.288575725158051,3.879246912797287,4.250282778342561,3.889491135676696,3.853015781342981,4.094539967377975,4.0662919898827825,4.496001636584594,4.323188337882354,4.466709966361517,4.572247111399962,4.698782193263366,4.670982664426162,4.316367495854689,4.554344328244522,4.056819305022553,4.312627752820647,3.812577285567915,4.522992707093551,3.4687108336885752,4.429080757697418,3.659977570672828,4.012641825377937,3.840739313264684,4.031443658967808,4.109775011241433,3.9955101524790075,4.199970758855339,4.117499483426407,3.914796380698678,4.420950164496892,4.467133137782409,4.498321304023261,5.212526422341658,4.581113147338225,5.167222177584958,4.641790388425185,4.405614254077271,4.486298080285383,4.15125251491864,4.512193440993621,4.283631442487235,3.977465219100312,4.194723188479736,4.329155178964134,4.372715941270187,4.16167837699254,4.372646088202789,4.570930524667098,4.847538656791043,4.906750288804365,4.767743385632826,5.008019504249089,4.481505210002258,4.892889215648169,3.9806846650441448,4.474355122745031,4.134604733784988,4.822128892739606,3.9014908953507703,4.7378689893086685,4.162761449615156,3.8722929954528764,4.320426343679423,3.859928125043705,4.36024784068266,3.745646948516365,4.179702009856697,3.8813834604620907,4.2118225070834105,4.234315585692718,4.438967395722861,4.1700311525662705,5.027091438372922,4.661302595933272,4.722006579240157,4.67178374965985,4.618904209931686,4.427408766349151,3.972416069110231,4.802559749682738,4.066542244950925,3.8569356127579972,4.456002450784042,4.104999359548088,4.380233592589692,3.8981073769926984,4.429392325580114,4.581808085342242,4.6433176942666305,4.66434733351071,4.688215225636953,4.843310707410169,4.504001028239722,4.581893148024871,4.237619548737999,4.004741816222663,4.612356508572891,4.112009730041021,3.632250898877777,4.229335646331305,4.107721912860867,3.6185803353786423,3.9964882681767104,4.253733384509875,4.038217370311415,3.7308567866682973,4.155378805398937,3.958247978389258,4.077684673865633,4.306097603738301,4.425647174914673,4.76508957833051,4.309417023261382,4.866495328744246,4.66092496355374,4.466768275101973,4.528778462012603,4.403612613280609,3.7624153898159625,4.448685236871238,4.092158921758329,3.8566765888531966,4.472834813197449,3.916095726291335,4.19197807749112,3.87447785099347,4.560383591254546,3.9244283863902054,4.6483780964215535,4.379909396966292,4.769296050866438,4.011587982972459,4.434847272336477,4.463945291936392,3.923760906159874,4.074111025134718,4.087627487977341,3.978861261407531,4.057540803949033,4.007152926723159,4.156801414191718,3.4529359160860356,4.184902359048521,3.911010719339049,4.005702360669767,3.7859920094410544,4.115453178783254,3.9427884241938553,3.915624184310433,4.3980241414904535,4.0461952515443125,4.488200833400084,4.383602547248199,4.777029522260023,4.765800594886137,4.22633044203122,4.513316092093779,4.219724547564979,3.3959979128837574,4.5879929778973185,3.5727504084507604,4.192059282958502,3.6854871832330995,4.042322448194022,3.7440933229525863,3.9376190908749855,4.411354683240249,4.103088833888368,4.293043304284408,4.521249967416121,4.54234043091535,4.581697007020308,4.407116464078421,4.482744068702057,4.221822462876633,3.5994223043322533,4.6092698927720335,3.9884225901961265,4.193035059869286,3.6777442597349443,4.163937810460722,3.7582460916042297,4.031094046632445,4.069824728767072,3.9759150537848438,3.844745353360966,4.092924557526903,4.143680004775519,3.4946370014548296,4.500956649482244,4.177844539582725,4.37691336592038,4.576919842561079,4.722595254977539,4.321133690774435,4.437551159660017,4.360359274943665,4.080079238017396,3.973047609031196,3.8954139801859817,4.481012507379048,3.678555549184478,4.18486920078595,3.8125055954853657,4.034543494880195,3.901496095259981,4.412408424218489,4.393725004990891,4.259052295287445,4.874131078322722,4.4156538017590785,4.491938050587966,4.5058377846082,4.65197310884793,3.8356592686971,3.969163952966527,4.538773277699942,3.765537246266997,4.204963020881012,3.928446865876512,4.1405355429649315,3.527282812794049,4.436854160825406,3.8605333841840395,3.9957350372274685,4.01256811112165,3.9915424167116447,4.143650205930069,3.804713688890138,4.439333210885518,4.316305845578507,4.46925435384114,4.604695975383117,4.891999406417203,4.3678068527579255,4.834795877635473,4.428483844598128,4.713618278106047,4.004378196795778,4.638104229867452,3.90600210746129,4.345891974767043,4.200222158034638,4.4465729079643825,4.20570577939351,4.34861448725064,4.382092811663939,4.817778040965391,4.642288490136457,4.740595339139295,5.3208748014767915,5.028374024232221,4.944036333163572,4.766656587918593,4.557002946933104,4.2022245438893595,4.617072218457851,4.0588493283589635,4.389515555799001,4.0575313125054,4.48466469496488,3.7365942774216303,4.14438240041335,3.947870002686973,4.352205330928161,4.077011023461814,4.0385165331761,3.99478909929593,4.14863336761792,4.444153716464831,4.3834291179974825,4.708244142134977,4.779146681626631,4.926966983874632,4.8463012990355425,4.7666493411858815,4.787213710248464,4.324390061696365,4.663570669591421,4.203679681619002,4.558624369700743,3.812580155928926,4.615477031071975,3.950763009488579,4.331797254880264,3.8687026270230582,4.732702300250524,4.382387643655136,4.352098643382384,4.843299631675078,4.692999080022169,4.8435546084244985,4.495488121112181,4.687142513593033,3.9571530087788864,4.439506004750723,4.230997660954787,4.449473614494,3.997995473941164,4.433824115693563,4.207780586083726,3.7327871786554625,4.194352848132448,4.222669988671932,3.7346412084499967,4.020508403480048,4.436582642495627,3.7823996849854775,4.354165413081641,4.332497866948441,4.5512547584374685,4.436029128730292,4.6249199601014395,4.4471337983012145,4.636558169921233,4.64599816401799,4.5368705495198505,4.517740703423812,3.8702665290236435,4.4946800859769125,4.101364606221512,4.007977995574471,3.957864297231034,4.180354771216706,4.1711432167887645,3.8736956926186843,4.193247063954667,4.667256651719404,4.517577322324112,4.702130248149229,5.036585369904828,4.590727732976271,4.646701267560318,4.5985714431603695,4.363350735505417,4.2151279922326355,4.474818645318342,4.301266948779418,4.0770478041966705,4.327033354838684,3.9696113107601763,4.047539850076036,4.090932247241334,4.34190656870603,4.199299566348388,3.9863625927766124,4.471190712054565,3.9388786931832596,4.246949820121124,4.302304985125855,4.794872456391645,4.9494237824280995
